0.5E-8
1.0E-8
1.5E-8
2.0E-8
2.5E-8
3.0E-8
3.5E-8
4.0E-8
4.5E-8
5.0E-8
5.5E-8
6.0E-8
6.5E-8
7.0E-8
7.5E-8
8.0E-8
8.5E-8
9.0E-8
9.5E-8
10.0E-8
0.5E-7
1.0E-7
1.5E-7
2.0E-7
2.5E-7
3.0E-7
3.5E-7
4.0E-7
4.5E-7
5.0E-7
5.5E-7
6.0E-7
6.5E-7
7.0E-7
7.5E-7
8.0E-7
8.5E-7
9.0E-7
9.5E-7
10.0E-7
0.5E-6
1.0E-6
1.5E-6
2.0E-6
2.5E-6
3.0E-6
3.5E-6
4.0E-6
4.5E-6
5.0E-6
5.5E-6
6.0E-6
6.5E-6
7.0E-6
7.5E-6
8.0E-6
8.5E-6
9.0E-6
9.5E-6
10.0E-6
0.5E-5
1.0E-5
1.5E-5
2.0E-5
2.5E-5
3.0E-5
3.5E-5
4.0E-5
4.5E-5
5.0E-5
5.5E-5
6.0E-5
6.5E-5
7.0E-5
7.5E-5
8.0E-5
8.5E-5
9.0E-5
9.5E-5
10.0E-5
0.5E-4
1.0E-4
1.5E-4
2.0E-4
2.5E-4
3.0E-4
3.5E-4
4.0E-4
4.5E-4
5.0E-4
5.5E-4
6.0E-4
6.5E-4
7.0E-4
7.5E-4
8.0E-4
8.5E-4
9.0E-4
9.5E-4
10.0E-4
0.5E-3
1.0E-3
1.5E-3
2.0E-3
2.5E-3
3.0E-3
3.5E-3
4.0E-3
4.5E-3
5.0E-3
5.5E-3
6.0E-3
6.5E-3
7.0E-3
7.5E-3
8.0E-3
8.5E-3
9.0E-3
9.5E-3
10.0E-3
0.5E-2
1.0E-2
1.5E-2
2.0E-2
2.5E-2
3.0E-2
3.5E-2
4.0E-2
4.5E-2
5.0E-2
5.5E-2
6.0E-2
6.5E-2
7.0E-2
7.5E-2
8.0E-2
8.5E-2
9.0E-2
9.5E-2
10.0E-2
0.5E-1
1.0E-1
1.5E-1
2.0E-1
2.5E-1
3.0E-1
3.5E-1
4.0E-1
4.5E-1
5.0E-1
5.5E-1
6.0E-1
6.5E-1
7.0E-1
7.5E-1
7.85E-1
