   1.5810100666919889E-319
   1838.1199999999999     
   3827.2195000000002     
   2886.9059999999999     
   3098.4825000000001     
   2170.1610000000001     
   1355.9340000000002     
   3549.3400000000001     
   3551.0240000000003     
   4872.8374999999996     
   2673.2365000000000     
   3060.1840000000002     
   4158.6160000000000     
   1243.1080000000002     
   1406.8400000000001     
   3089.7889999999998     
   3523.4040000000005     
   825.55400000000009     
   2673.2365000000000     
   1499.4155000000001     
   2770.0545000000002     
   3576.4525000000003     
   3264.6160000000000     
   4830.0704999999998     
   4237.5704999999998     
   3081.8315000000002     
   1648.0570000000000     
   3466.7415000000001     
   2765.8005000000003     
   3625.6660000000002     
   4651.0059999999994     
   3852.9795000000004     
   2312.6055000000001     
   1360.0080000000000     
   3752.3490000000002     
   2512.9319999999998     
   3398.7455000000000     
   3830.1700000000001     
   6010.6234999999997     
   2621.5315000000001     
   2263.8114999999998     
   5665.9665000000005     
   3702.4120000000003     
   3818.4005000000002     
   3459.4515000000001     
   1537.5100000000002     
   3395.5900000000001     
   4465.8170000000000     
   2344.8199999999997     
   2823.8940000000002     
   3870.0590000000002     
   2940.8150000000001     
   2233.6505000000002     
   2351.8330000000001     
   2603.4785000000002     
   1981.5170000000001     
   2965.7089999999998     
   4555.7920000000004     
   4643.0234999999993     
   1457.3650000000000     
   4607.9220000000005     
   3017.1019999999999     
   3050.8265000000001     
   2485.5259999999998     
   5814.1109999999999     
   2987.0865000000003     
   2324.4425000000001     
   1641.3295000000001     
   5019.3785000000007     
   1543.6665000000000     
   3006.3705000000000     
   2675.3815000000000     
   2358.8280000000000     
   4679.5030000000006     
   3089.7889999999998     
   2903.2085000000002     
   4940.0050000000001     
   1379.9655000000000     
   3850.9830000000002     
   3885.2915000000003     
   4143.6795000000002     
   1810.4420000000000     
   1001.8370000000000     
   3581.5765000000001     
   4362.0210000000006     
   3389.2905000000001     
   3752.3490000000002     
   3712.4665000000005     
   7113.5689999999995     
   4492.6414999999997     
   2217.9809999999998     
   2448.1450000000004     
   2579.5535000000000     
   3042.1999999999998     
   3270.6570000000002     
   4236.2325000000001     
   2754.4450000000002     
   4212.4050000000007     
   2334.6540000000000     
   2764.3825000000002     
   3111.5475000000001     
   2913.1345000000001     
   2389.6864999999998     
   2026.1320000000001     
   1931.2835000000000     
   3212.1980000000003     
   4023.4090000000001     
   1227.8119999999999     
   3103.5590000000002     
   2999.9369999999999     
   5121.6350000000002     
   3798.9765000000002     
   3161.9539999999997     
   4506.3294999999998     
   3374.3879999999999     
   4215.0285000000003     
   1955.1770000000001     
   2149.6334999999999     
   3673.4794999999999     
   1832.6430000000000     
   1642.6795000000002     
   2351.0550000000003     
   632.04050000000007     
   2760.8350000000000     
   1158.4120000000000     
   3656.5165000000002     
   4907.0825000000004     
   2240.2105000000001     
   2035.4375000000000     
   2481.8060000000000     
   4480.8175000000001     
   3461.0695000000001     
   1917.1230000000000     
   3557.7735000000002     
   2679.6714999999999     
   2685.3899999999999     
   3003.5105000000003     
   1905.8765000000001     
   3259.3395000000000     
   4234.8960000000006     
   3267.6355000000003     
   5121.6350000000002     
   3166.3635000000004     
   1907.9290000000001     
   5689.6830000000000     
   2745.2150000000001     
   1882.0005000000001     
   3192.1740000000000     
   2279.9315000000001     
   2971.4049999999997     
   2901.7905000000001     
   5203.5585000000001     
   1813.8030000000001     
   2104.2605000000003     
   2486.2695000000003     
   3388.5039999999999     
   1817.1525000000001     
   3458.6430000000000     
   3364.2375000000002     
   4026.7915000000003     
   2266.2370000000001     
   2937.2649999999999     
   2689.6740000000000     
   2116.6050000000000     
   1176.0059999999999     
   4585.2304999999997     
   2795.5740000000001     
   1883.0490000000000     
   5016.2934999999998     
   2749.4749999999999     
   1835.9324999999999     
   4472.4565000000002     
   1649.3960000000002     
   1964.0185000000001     
   1526.6085000000000     
   2621.5315000000001     
   2283.1410000000001     
   1853.3045000000002     
   3939.3535000000002     
   2876.9939999999997     
   2575.1914999999999     
   2868.4980000000000     
   4053.0180000000000     
   4842.4255000000003     
   3459.4515000000001     
   2158.2170000000001     
   3551.8665000000001     
   4641.0385000000006     
   2273.4984999999997     
   4319.4449999999997     
   2922.3550000000000     
   3021.3980000000001     
   3298.7390000000000     
   4093.9665000000005     
   3828.2025000000003     
   2896.8275000000003     
   5067.1729999999998     
   3399.5349999999999     
   2831.6819999999998     
   4127.7015000000001     
   3584.1430000000000     
   3629.1670000000004     
   5834.1385000000000     
   5107.6509999999998     
   4264.6645000000008     
   2396.5815000000002     
   3112.2745000000000     
   3045.7935000000002     
   1707.5660000000000     
   2760.1250000000000     
   3227.8445000000002     
   4414.1985000000004     
   2833.8060000000000     
   3729.0490000000000     
   4368.0290000000005     
   3677.0704999999998     
   4015.5515000000000     
   3644.9994999999999     
   3773.1199999999999     
   1054.5129999999999     
   4474.1229999999996     
   3076.0510000000004     
   2899.6635000000001     
   1489.5574999999999     
   3669.0005000000001     
   2972.8289999999997     
   3511.7915000000003     
   3560.3109999999997     
   2103.3750000000000     
   4704.6599999999999     
   4348.6285000000007     
   4501.1740000000000     
   3131.2089999999998     
   1871.4605000000001     
   2862.8339999999998     
   5921.6779999999999     
   2159.0730000000003     
   2850.7979999999998     
   2475.8470000000002     
   3046.5124999999998     
   4444.5339999999997     
   2833.0980000000000     
   2911.7165000000000     
   4042.6955000000003     
   2620.8105000000005     
   2145.3254999999999     
   6917.1229999999996     
   1930.2780000000000     
   3392.4385000000002     
   3347.9195000000000     
   174.09200000000001     
   437.11200000000002     
   3898.6210000000001     
   3719.8164999999999     
   2486.2695000000003     
   2770.7635000000000     
   3562.0045000000000     
   3555.2400000000002     
   2123.6149999999998     
   4186.4889999999996     
   3652.9655000000002     
   4147.3964999999998     
   1661.3505000000000     
   1591.1635000000001     
   3859.9890000000000     
   3389.2905000000001     
   2153.0725000000002     
   2152.2134999999998     
   1586.8355000000001     
   2688.9600000000000     
   5077.0945000000002     
   5016.2934999999998     
   2691.8159999999998     
   2333.8699999999999     
   3594.4420000000000     
   2380.4669999999996     
   3913.1120000000001     
   3942.5349999999999     
   2784.2345000000000     
   2374.3024999999998     
   2082.8699999999999     
   914.04200000000003     
   2075.6720000000000     
   5689.6830000000000     
   2254.0794999999998     
   4103.5129999999999     
   1859.7485000000001     
   2715.3440000000001     
   3301.0264999999999     
   2020.5180000000000     
   4146.1559999999999     
   1947.2649999999999     
   5865.4835000000003     
   2295.9305000000004     
   2219.6365000000001     
   1697.5065000000000     
   2171.8604999999998     
   3405.8595000000000     
   3608.2575000000002     
   3988.9490000000001     
   3609.1244999999999     
   3816.4470000000001     
   3518.4200000000001     
   3401.1150000000002     
   1428.9855000000000     
   3292.6464999999998     
   2197.9994999999999     
   2484.7820000000002     
   3621.2990000000000     
   1775.0385000000001     
   3854.9790000000003     
   3078.9395000000000     
   3160.4859999999999     
   3261.5999999999999     
   2517.3575000000001     
   3632.6740000000000     
   1887.2330000000002     
   1962.0590000000000     
   2962.1490000000003     
   4315.1340000000000     
   4072.7465000000002     
   3168.5690000000000     
   3763.6464999999998     
   2476.5925000000002     
   1854.3810000000001     
   3086.1695000000000     
   2460.9014999999999     
   3261.5999999999999     
   3055.8640000000000     
   2808.3180000000002     
   2301.5025000000001     
   2635.2155000000002     
   2700.3784999999998     
   2853.6300000000001     
   2935.8450000000003     
   2686.1040000000003     
   2365.8029999999999     
   1570.7520000000000     
   2633.7770000000000     
   2285.5445000000000     
   3525.9004999999997     
   3540.9400000000001     
   3044.3555000000001     
   3724.4265000000000     
   3696.0420000000004     
   4983.1275000000005     
   2892.5735000000000     
   4931.6494999999995     
   2493.6950000000002     
   2891.8645000000001     
   3053.7039999999997     
   3491.2039999999997     
   2726.0225000000000     
   3314.7880000000005     
   5804.3395000000000     
   1917.1230000000000     
   3520.0799999999999     
   2559.1620000000003     
   3124.6464999999998     
   3069.5545000000002     
   4149.8805000000002     
   988.59349999999995     
   2349.4975000000004     
   3432.1109999999999     
   3137.0495000000001     
   4715.3525000000000     
   2326.0164999999997     
   5361.2815000000001     
   2262.1930000000002     
   4225.5825000000004     
   3601.3375000000001     
   2878.4099999999999     
   4091.5905000000002     
   1097.7339999999999     
   1959.1145000000001     
   3645.8830000000003     
   3649.4205000000002     
   2824.6019999999999     
   3245.0580000000000     
   3811.5745000000002     
   6038.7624999999998     
   3606.5250000000001     
   2365.8029999999999     
   3820.3560000000002     
   1998.7825000000000     
   698.65750000000003     
   2992.0830000000001     
   1581.0260000000001     
   1967.9279999999999     
   4596.5084999999999     
   3938.2945000000000     
   3792.2335000000003     
   2823.8940000000002     
   778.10249999999996     
   3251.8150000000001     
   3057.3040000000001     
   1499.4155000000001     
   3131.2089999999998     
   2691.1019999999999     
   2159.9285000000000     
   2679.6714999999999     
   3380.6530000000002     
   3483.8385000000003     
   3654.7400000000002     
   3115.9095000000002     
   2368.8964999999998     
   4085.6724999999997     
   2640.2485000000001     
   3573.8950000000000     
   2459.4035000000003     
   866.50950000000000     
   1708.8155000000002     
   3064.5074999999997     
   3908.9575000000004     
   2176.1025000000000     
   1419.8530000000001     
   1523.4630000000000     
   1957.1469999999999     
   3706.9750000000004     
   2419.4414999999999     
   1383.8780000000002     
   2940.8150000000001     
   2882.6580000000004     
   3061.6239999999998     
   2852.2139999999999     
   1917.1230000000000     
   2385.8490000000002     
   4172.4714999999997     
   3606.5250000000001     
   3230.8325000000004     
   3556.9285000000000     
   2521.7780000000002     
   1436.1975000000000     
   5824.0419999999995     
   3126.1045000000004     
   535.53650000000005     
   4292.4215000000004     
   1187.3820000000001     
   2656.0445000000000     
   2974.9655000000002     
   3226.3519999999999     
   3762.7020000000002     
   3551.0240000000003     
   3108.6410000000001     
   1253.0570000000000     
   1798.0230000000001     
   5428.1825000000008     
   2062.9910000000000     
   2581.0070000000001     
   3340.9544999999998     
   3320.9240000000000     
   1812.6840000000002     
   3156.8159999999998     
   5100.7545000000009     
   2596.9639999999999     
   4195.4955000000009     
   5450.1530000000002     
   2302.2975000000001     
   2278.3249999999998     
   2789.1975000000002     
   4072.7465000000002     
   4557.6054999999997     
   2255.7049999999999     
   3846.9965000000002     
   3603.9295000000002     
   2867.7900000000000     
   2316.5580000000000     
   3505.1835000000001     
   1770.3760000000002     
   2138.4090000000001     
   1756.2520000000000     
   3139.9735000000001     
   769.36699999999996     
   2017.7024999999999     
   3295.6909999999998     
   2811.1500000000001     
   1595.4675000000000     
   3578.1590000000001     
   2649.5870000000000     
   4185.2080000000005     
   1802.5565000000001     
   5428.1825000000008     
   1190.1840000000002     
   1582.4825000000001     
   2987.7995000000001     
   3882.2325000000001     
   4865.1304999999993     
   2273.4984999999997     
   2604.9245000000001     
   3881.2139999999999     
   3004.2255000000000     
   3802.8420000000001     
   3525.9004999999997     
   3558.6189999999997     
   3832.1400000000003     
   1260.3955000000001     
   2209.6819999999998     
   2179.4890000000005     
   3185.5214999999998     
   3462.6890000000003     
   3348.6945000000001     
   2638.8105000000000     
   2190.4504999999999     
   2219.6365000000001     
   3464.3090000000002     
   1978.6170000000002     
   3782.6490000000003     
   1955.1770000000001     
   1360.0080000000000     
   3493.6644999999999     
   1809.3195000000001     
   5038.1470000000008     
   2959.3010000000004     
   3362.6795000000002     
   4681.5730000000003     
   1039.0370000000000     
   3278.2224999999999     
   3699.6790000000001     
   2994.2249999999999     
   1408.7155000000000     
   2838.7619999999997     
   3059.4639999999999     
   3892.4540000000002     
   1489.5574999999999     
   2841.5940000000001     
   5520.7139999999999     
   2912.4255000000003     
   2515.8834999999999     
   2850.7979999999998     
   3779.7840000000001     
   2123.6149999999998     
   1999.7350000000001     
   2641.6865000000003     
   4926.1260000000002     
   5265.1260000000002     
   2288.7460000000001     
   1521.8850000000000     
   1803.6869999999999     
   3079.6624999999999     
   1956.1624999999999     
   3055.1440000000002     
   1716.2759999999998     
   4213.7160000000003     
   2630.8969999999999     
   2788.4884999999999     
   2509.9795000000004     
   3669.8955000000001     
   3227.8445000000002     
   4384.7240000000002     
   3837.0765000000001     
   4187.7715000000007     
   3621.2990000000000     
   2688.9600000000000     
   4878.0155000000004     
   3314.7880000000005     
   2612.1509999999998     
   3118.0929999999998     
   2876.2860000000001     
   2725.3114999999998     
   2241.8469999999998     
   1598.3240000000001     
   2781.3985000000002     
   2925.9050000000002     
   2397.3465000000001     
   1715.0370000000000     
   2161.6379999999999     
   4021.1590000000001     
   3083.2775000000001     
   3515.9324999999999     
   4335.3984999999993     
   2253.2665000000002     
   3662.7480000000000     
   2316.5580000000000     
   2671.8050000000003     
   1586.8355000000001     
   2889.7380000000003     
   2217.1530000000002     
   3992.2460000000001     
   2979.2435000000000     
   646.98250000000007     
   2324.4425000000001     
   3501.8860000000004     
   2792.0335000000000     
   2057.5225000000000     
   5244.0200000000004     
   1848.9884999999999     
   3994.4480000000003     
   4998.0315000000001     
   1998.7825000000000     
   3316.3204999999998     
   1479.5554999999999     
   2569.3690000000001     
   2405.7474999999999     
   3032.1504999999997     
   4133.8225000000002     
   4176.2785000000003     
   3716.1374999999998     
   2516.6205000000000     
   4022.2835000000000     
   3396.3784999999998     
   1341.4495000000002     
   1309.1134999999999     
   1929.2715000000001     
   3873.0929999999998     
   1465.9875000000002     
   3059.4639999999999     
   4817.8924999999999     
   2176.1025000000000     
   2120.9899999999998     
   1631.8175000000001     
   3620.4270000000001     
   3644.1165000000001     
   2989.2269999999999     
   2311.0230000000001     
   3662.7480000000000     
   2658.9125000000004     
   2106.9140000000002     
   2216.3244999999997     
   2823.1859999999997     
   2917.3885000000000     
   4320.8860000000004     
   5520.7139999999999     
   2846.5500000000002     
   1240.5900000000001     
   3072.4409999999998     
   1212.0365000000002     
   3817.4234999999999     
   3272.1689999999999     
   4119.1824999999999     
   2517.3575000000001     
   2214.6660000000002     
   3109.3670000000002     
   2807.6099999999997     
   2730.9994999999999     
   5834.1385000000000     
   5304.7515000000003     
   4260.5590000000002     
   4357.5384999999997     
   2463.8959999999997     
   1908.9545000000001     
   6585.5650000000005     
   3420.9409999999998     
   2913.1345000000001     
   4844.9184999999998     
   3590.1445000000003     
   4083.3125000000000     
   3123.9175000000000     
   3215.9180000000001     
   1953.2035000000001     
   4989.0555000000004     
   4111.9260000000004     
   1937.3009999999999     
   1304.6575000000000     
   2558.4319999999998     
   1739.5035000000000     
   1671.8385000000001     
   3058.0240000000003     
   1104.5280000000000     
   3182.5690000000004     
   4296.6450000000004     
   3052.9840000000004     
   3535.0799999999999     
   3756.1059999999998     
   3616.0720000000001     
   1107.8850000000000     
   2076.5735000000000     
   3523.4040000000005     
   2564.9975000000004     
   1496.1455000000001     
   1877.7964999999999     
   4743.7654999999995     
   2179.4890000000005     
   2663.9290000000001     
   3255.5749999999998     
   1984.4105000000000     
   1152.3960000000002     
   3591.0034999999998     
   3853.9790000000003     
   3669.8955000000001     
   1564.8164999999999     
   3266.8805000000002     
   4782.3585000000003     
   4822.7430000000004     
   2806.9020000000000     
   3021.3980000000001     
   4159.8690000000006     
   4726.1734999999999     
   3302.5525000000002     
   3706.9750000000004     
   3059.4639999999999     
   2977.8175000000001     
   1961.0785000000001     
   5496.3585000000003     
   3220.3865000000001     
   2346.3800000000001     
   3094.8575000000001     
   3616.9420000000000     
   3510.1374999999998     
   1677.0345000000000     
   3145.0929999999998     
   3330.9220000000005     
   3513.4470000000001     
   2990.6550000000002     
   3212.1980000000003     
   3263.8620000000001     
   2837.3460000000005     
   1921.1869999999999     
   3010.6605000000000     
   3734.6125000000002     
   1214.7004999999999     
   1391.6285000000000     
   3067.3914999999997     
   2490.7269999999999     
   1248.1065000000001     
   2257.3290000000002     
   1726.1275000000001     
   2671.8050000000003     
   3153.8825000000002     
   3288.8450000000003     
   3331.6925000000001     
   4878.0155000000004     
   3893.4800000000000     
   3042.1999999999998     
   2966.4210000000003     
   3454.6045000000004     
   3611.7269999999999     
   2741.6644999999999     
   2966.4210000000003     
   2946.5025000000001     
   3658.2950000000001     
   3102.8330000000001     
   2357.2755000000002     
   3314.7880000000005     
   2368.1235000000001     
   3633.5520000000001     
   3091.9610000000002     
   4909.7759999999998     
   2225.4195000000000     
   2758.7049999999999     
   3290.3649999999998     
   3938.2945000000000     
   4734.9264999999996     
   3558.6189999999997     
   4110.7205000000004     
   3083.2775000000001     
   2208.8500000000004     
   1889.3190000000000     
   4568.5599999999995     
   2277.5210000000002     
   3459.4515000000001     
   720.89350000000002     
   4885.8425000000007     
   2353.3890000000001     
   4306.5614999999998     
   2364.2550000000001     
   5080.4305000000004     
   3023.5465000000004     
   1800.2925000000000     
   2767.2184999999999     
   3630.0430000000001     
   2823.8940000000002     
   1728.5740000000001     
   3869.0490000000000     
   1688.6089999999999     
   2837.3460000000005     
   2561.3519999999999     
   2420.2004999999999     
   3835.1000000000004     
   2543.0765000000001     
   2520.3054999999999     
   1421.6900000000001     
   3217.4065000000001     
   2962.1490000000003     
   2113.9679999999998     
   1760.9830000000002     
   5450.1530000000002     
   4341.2584999999999     
   2980.6695000000000     
   2627.2970000000000     
   4034.7190000000001     
   1964.0185000000001     
   1954.1905000000002     
   1437.9880000000001     
   1913.0464999999999     
   2913.1345000000001     
   2665.3609999999999     
   4459.2209999999995     
   2789.1975000000002     
   2755.1550000000002     
   3458.6430000000000     
   2454.1550000000002     
   1453.8845000000001     
   4078.6045000000004     
   4555.7920000000004     
   4728.3534999999993     
   4581.5005000000001     
   3885.2915000000003     
   1997.8290000000002     
   3215.1740000000000     
   1212.0365000000002     
   4026.7915000000003     
   3068.1125000000002     
   4323.7740000000003     
   2358.8280000000000     
   4369.5360000000001     
   3257.8334999999997     
   2689.6740000000000     
   4066.9139999999998     
   3078.2170000000001     
   4928.8829999999998     
   2777.1445000000003     
   3236.8150000000001     
   3801.8744999999999     
   4439.6844999999994     
   2542.3434999999999     
   2067.5325000000003     
   3778.8305000000000     
   3688.7915000000003     
   4430.0529999999999     
   1537.5100000000002     
   3657.4054999999998     
   4428.4565000000002     
   2604.2015000000001     
   1635.9079999999999     
   1960.0970000000000     
   2767.9274999999998     
   1671.8385000000001     
   3535.0799999999999     
   3185.5214999999998     
   4072.7465000000002     
   4423.6819999999998     
   3882.2325000000001     
   3407.4430000000002     
   4546.7735000000002     
   4425.2709999999997     
   2965.7089999999998     
   1753.8775000000001     
   2656.0445000000000     
   2671.0889999999999     
   3579.0129999999999     
   1794.6089999999999     
   1561.8325000000000     
   1888.2764999999999     
   2940.8150000000001     
   3652.0785000000001     
   2234.4715000000001     
   2694.6720000000000     
   5490.4059999999999     
   3386.9320000000002     
   3556.9285000000000     
   4639.0575000000008     
   2612.8730000000000     
   4309.4115000000002     
   3987.8514999999998     
   2802.6540000000005     
   1542.1320000000001     
   3000.6509999999998     
   2958.5895000000000     
   2864.2500000000000     
   3003.5105000000003     
   3770.2719999999999     
   4854.9639999999999     
   2429.2920000000004     
   1899.6965000000000     
   1739.5035000000000     
   1582.4825000000001     
   5412.1570000000002     
   2743.7950000000001     
   2235.2925000000000     
   5239.8715000000002     
   4171.2055000000000     
   2098.0515000000000     
   1829.3430000000001     
   2091.8180000000002     
   2545.2730000000001     
   3224.8600000000001     
   2834.5140000000001     
   3254.8230000000003     
   2813.9820000000000     
   2629.4570000000003     
   2670.3730000000000     
   3297.9769999999999     
   2804.0699999999997     
   1911.0025000000001     
   3520.0799999999999     
   6336.4249999999993     
   3615.2020000000002     
   2728.1554999999998     
   4253.7500000000000     
   4102.3154999999997     
   3983.4715000000001     
   2646.7150000000001     
   872.84349999999995     
   2946.5025000000001     
   3419.3490000000002     
   3443.3315000000002     
   3437.7145000000000     
   4008.8509999999997     
   2656.0445000000000     
   2599.1360000000000     
   2690.3879999999999     
   2531.3395000000000     
   3599.6115000000000     
   1894.5190000000000     
   2403.4585000000002     
   3509.3110000000001     
   4282.6284999999998     
   2472.8630000000003     
   1891.4010000000001     
   3304.8429999999998     
   751.01850000000002     
   4739.3350000000009     
   2668.9409999999998     
   3051.5455000000002     
   2560.6220000000003     
   2318.1374999999998     
   2401.1680000000001     
   4172.4714999999997     
   1805.9435000000001     
   3405.0685000000003     
   1370.0705000000000     
   2884.7820000000002     
   2654.6104999999998     
   1939.3004999999998     
   3828.2025000000003     
   3506.8335000000002     
   919.53400000000011     
   3990.0475000000001     
   3181.0929999999998     
   2394.2849999999999     
   2764.3825000000002     
   2490.7269999999999     
   3045.7935000000002     
   3689.6965000000000     
   4215.0285000000003     
   2213.8360000000002     
   2904.6265000000003     
   2644.5610000000001     
   1379.9655000000000     
   1543.6665000000000     
   2113.0880000000002     
   3196.6145000000001     
   4161.1234999999997     
   2784.2345000000000     
   4203.2700000000004     
   2408.0340000000001     
   2036.3645000000001     
   2598.4120000000003     
   4867.6914999999999     
   3265.3705000000000     
   2631.6170000000002     
   2898.9544999999998     
   3383.7905000000001     
   4980.1800000000003     
   2736.6875000000000     
   1383.8780000000002     
   2847.9660000000003     
   3285.8065000000001     
   3798.9765000000002     
   4338.3244999999997     
   1835.9324999999999     
   1712.5535000000000     
   3504.3585000000003     
   4171.2055000000000     
   3241.3085000000001     
   3482.2045000000003     
   5650.6350000000002     
   1054.5129999999999     
   4745.9894999999997     
   2085.5600000000004     
   5318.4650000000001     
   3070.2754999999997     
   2364.2550000000001     
   3692.4130000000000     
   3269.1455000000001     
   4190.3410000000003     
   4177.5499999999993     
   3486.2910000000002     
   3730.9014999999999     
   3432.1109999999999     
   2575.1914999999999     
   3104.2849999999999     
   3500.2395000000001     
   2498.8845000000001     
   4368.0290000000005     
   2840.8860000000004     
   4715.3525000000000     
   2357.2755000000002     
   5070.4660000000003     
   1773.8750000000000     
   2765.8005000000003     
   4186.4889999999996     
   5227.5665000000008     
   2526.9295000000002     
   3079.6624999999999     
   3107.9150000000000     
   4096.3464999999997     
   4825.1785000000000     
   3496.1280000000002     
   2250.8249999999998     
