 0.00000000E+000
 1.00000000E-009
 5.00000007E-011
 1.00000001E-010
 1.50000002E-010
 2.00000003E-010
 2.50000004E-010
 3.00000004E-010
 3.50000005E-010
 4.00000006E-010
 4.50000007E-010
 5.00000007E-010
 5.50000008E-010
 6.00000009E-010
 6.50000010E-010
 7.00000010E-010
 7.50000011E-010
 8.00000012E-010
 8.50000013E-010
 9.00000013E-010
 9.50000014E-010
 1.00000001E-009
 1.05000002E-009
 1.10000002E-009
 1.15000002E-009
 1.20000002E-009
 1.25000002E-009
 1.30000002E-009
 1.35000002E-009
 1.40000002E-009
 1.45000002E-009
 1.50000002E-009
 1.55000002E-009
 1.60000002E-009
 1.65000002E-009
 1.70000003E-009
 1.75000003E-009
 1.80000003E-009
 1.85000003E-009
 1.90000003E-009
 1.95000003E-009
 2.00000003E-009
 2.05000003E-009
 2.10000003E-009
 2.15000003E-009
 2.20000003E-009
 2.25000003E-009
 2.30000003E-009
 2.35000004E-009
 2.40000004E-009
 2.45000004E-009
 2.50000004E-009
 2.55000004E-009
 2.60000004E-009
 2.65000004E-009
 2.70000004E-009
 2.75000004E-009
 2.80000004E-009
 2.85000004E-009
 2.90000004E-009
 2.95000004E-009
 3.00000004E-009
 3.05000005E-009
 3.10000005E-009
 3.15000005E-009
 3.20000005E-009
 3.25000005E-009
 3.30000005E-009
 3.35000005E-009
 3.40000005E-009
 3.45000005E-009
 3.50000005E-009
 3.55000005E-009
 3.60000005E-009
 3.65000005E-009
 3.70000006E-009
 3.75000006E-009
 3.80000006E-009
 3.85000006E-009
 3.90000006E-009
 3.95000006E-009
 4.00000006E-009
 4.05000006E-009
 4.10000006E-009
 4.15000006E-009
 4.20000006E-009
 4.25000006E-009
 4.30000006E-009
 4.35000006E-009
 4.40000007E-009
 4.45000007E-009
 4.50000007E-009
 4.55000007E-009
 4.60000007E-009
 4.65000007E-009
 4.70000007E-009
 4.75000007E-009
 4.80000007E-009
 4.85000007E-009
 4.90000007E-009
 4.95000007E-009
 5.00000007E-009
 5.05000008E-009
 5.10000008E-009
 5.15000008E-009
 5.20000008E-009
 5.25000008E-009
 5.30000008E-009
 5.35000008E-009
 5.40000008E-009
 5.45000008E-009
 5.50000008E-009
 5.55000008E-009
 5.60000008E-009
 5.65000008E-009
 5.70000008E-009
 5.75000009E-009
 5.80000009E-009
 5.85000009E-009
 5.90000009E-009
 5.95000009E-009
 6.00000009E-009
 6.05000009E-009
 6.10000009E-009
 6.15000009E-009
 6.20000009E-009
 6.25000009E-009
 6.30000009E-009
 6.35000009E-009
 6.40000010E-009
 6.45000010E-009
 6.50000010E-009
 6.55000010E-009
 6.60000010E-009
 6.65000010E-009
 6.70000010E-009
 6.75000010E-009
 6.80000010E-009
 6.85000010E-009
 6.90000010E-009
 6.95000010E-009
 7.00000010E-009
 7.05000011E-009
 7.10000011E-009
 7.15000011E-009
 7.20000011E-009
 7.25000011E-009
 7.30000011E-009
 7.35000011E-009
 7.40000011E-009
 7.45000011E-009
 7.50000011E-009
 7.55000011E-009
 7.60000011E-009
 7.65000011E-009
 7.70000011E-009
 7.75000012E-009
 7.80000012E-009
 7.85000012E-009
 7.90000012E-009
 7.95000012E-009
 8.00000012E-009
 8.05000012E-009
 8.10000012E-009
 8.15000012E-009
 8.20000012E-009
 8.25000012E-009
 8.30000012E-009
 8.35000012E-009
 8.40000013E-009
 8.45000013E-009
 8.50000013E-009
 8.55000013E-009
 8.60000013E-009
 8.65000013E-009
 8.70000013E-009
 8.75000013E-009
 8.80000013E-009
 8.85000013E-009
 8.90000013E-009
 8.95000013E-009
 9.00000013E-009
 9.05000013E-009
 9.10000014E-009
 9.15000014E-009
 9.20000014E-009
 9.25000014E-009
 9.30000014E-009
 9.35000014E-009
 9.40000014E-009
 9.45000014E-009
 9.50000014E-009
 9.55000014E-009
 9.60000014E-009
 9.65000014E-009
 9.70000014E-009
 9.75000015E-009
 9.80000015E-009
 9.85000015E-009
 9.90000015E-009
 9.95000015E-009
 5.00000007E-010
 1.00000001E-009
 1.50000002E-009
 2.00000003E-009
 2.50000004E-009
 3.00000004E-009
 3.50000005E-009
 4.00000006E-009
 4.50000007E-009
 5.00000007E-009
 5.50000008E-009
 6.00000009E-009
 6.50000010E-009
 7.00000010E-009
 7.50000011E-009
 8.00000012E-009
 8.50000013E-009
 9.00000013E-009
 9.50000014E-009
 1.00000001E-008
 1.05000002E-008
 1.10000002E-008
 1.15000002E-008
 1.20000002E-008
 1.25000002E-008
 1.30000002E-008
 1.35000002E-008
 1.40000002E-008
 1.45000002E-008
 1.50000002E-008
 1.55000002E-008
 1.60000002E-008
 1.65000002E-008
 1.70000003E-008
 1.75000003E-008
 1.80000003E-008
 1.85000003E-008
 1.90000003E-008
 1.95000003E-008
 2.00000003E-008
 2.05000003E-008
 2.10000003E-008
 2.15000003E-008
 2.20000003E-008
 2.25000003E-008
 2.30000003E-008
 2.35000004E-008
 2.40000004E-008
 2.45000004E-008
 2.50000004E-008
 2.55000004E-008
 2.60000004E-008
 2.65000004E-008
 2.70000004E-008
 2.75000004E-008
 2.80000004E-008
 2.85000004E-008
 2.90000004E-008
 2.95000004E-008
 3.00000004E-008
 3.05000005E-008
 3.10000005E-008
 3.15000005E-008
 3.20000005E-008
 3.25000005E-008
 3.30000005E-008
 3.35000005E-008
 3.40000005E-008
 3.45000005E-008
 3.50000005E-008
 3.55000005E-008
 3.60000005E-008
 3.65000005E-008
 3.70000006E-008
 3.75000006E-008
 3.80000006E-008
 3.85000006E-008
 3.90000006E-008
 3.95000006E-008
 4.00000006E-008
 4.05000006E-008
 4.10000006E-008
 4.15000006E-008
 4.20000006E-008
 4.25000006E-008
 4.30000006E-008
 4.35000006E-008
 4.40000007E-008
 4.45000007E-008
 4.50000007E-008
 4.55000007E-008
 4.60000007E-008
 4.65000007E-008
 4.70000007E-008
 4.75000007E-008
 4.80000007E-008
 4.85000007E-008
 4.90000007E-008
 4.95000007E-008
 5.00000007E-008
 5.05000008E-008
 5.10000008E-008
 5.15000008E-008
 5.20000008E-008
 5.25000008E-008
 5.30000008E-008
 5.35000008E-008
 5.40000008E-008
 5.45000008E-008
 5.50000008E-008
 5.55000008E-008
 5.60000008E-008
 5.65000008E-008
 5.70000008E-008
 5.75000009E-008
 5.80000009E-008
 5.85000009E-008
 5.90000009E-008
 5.95000009E-008
 6.00000009E-008
 6.05000009E-008
 6.10000009E-008
 6.15000009E-008
 6.20000009E-008
 6.25000009E-008
 6.30000009E-008
 6.35000009E-008
 6.40000010E-008
 6.45000010E-008
 6.50000010E-008
 6.55000010E-008
 6.60000010E-008
 6.65000010E-008
 6.70000010E-008
 6.75000010E-008
 6.80000010E-008
 6.85000010E-008
 6.90000010E-008
 6.95000010E-008
 7.00000010E-008
 7.05000011E-008
 7.10000011E-008
 7.15000011E-008
 7.20000011E-008
 7.25000011E-008
 7.30000011E-008
 7.35000011E-008
 7.40000011E-008
 7.45000011E-008
 7.50000011E-008
 7.55000011E-008
 7.60000011E-008
 7.65000011E-008
 7.70000011E-008
 7.75000012E-008
 7.80000012E-008
 7.85000012E-008
 7.90000012E-008
 7.95000012E-008
 8.00000012E-008
 8.05000012E-008
 8.10000012E-008
 8.15000012E-008
 8.20000012E-008
 8.25000012E-008
 8.30000012E-008
 8.35000012E-008
 8.40000013E-008
 8.45000013E-008
 8.50000013E-008
 8.55000013E-008
 8.60000013E-008
 8.65000013E-008
 8.70000013E-008
 8.75000013E-008
 8.80000013E-008
 8.85000013E-008
 8.90000013E-008
 8.95000013E-008
 9.00000013E-008
 9.05000013E-008
 9.10000014E-008
 9.15000014E-008
 9.20000014E-008
 9.25000014E-008
 9.30000014E-008
 9.35000014E-008
 9.40000014E-008
 9.45000014E-008
 9.50000014E-008
 9.55000014E-008
 9.60000014E-008
 9.65000014E-008
 9.70000014E-008
 9.75000015E-008
 9.80000015E-008
 9.85000015E-008
 9.90000015E-008
 9.95000015E-008
 5.00000007E-009
 1.00000001E-008
 1.50000002E-008
 2.00000003E-008
 2.50000004E-008
 3.00000004E-008
 3.50000005E-008
 4.00000006E-008
 4.50000007E-008
 5.00000007E-008
 5.50000008E-008
 6.00000009E-008
 6.50000010E-008
 7.00000010E-008
 7.50000011E-008
 8.00000012E-008
 8.50000013E-008
 9.00000013E-008
 9.50000014E-008
 1.00000001E-007
 1.05000002E-007
 1.10000002E-007
 1.15000002E-007
 1.20000002E-007
 1.25000002E-007
 1.30000002E-007
 1.35000002E-007
 1.40000002E-007
 1.45000002E-007
 1.50000002E-007
 1.55000002E-007
 1.60000002E-007
 1.65000002E-007
 1.70000003E-007
 1.75000003E-007
 1.80000003E-007
 1.85000003E-007
 1.90000003E-007
 1.95000003E-007
 2.00000003E-007
 2.05000003E-007
 2.10000003E-007
 2.15000003E-007
 2.20000003E-007
 2.25000003E-007
 2.30000003E-007
 2.35000004E-007
 2.40000004E-007
 2.45000004E-007
 2.50000004E-007
 2.55000004E-007
 2.60000004E-007
 2.65000004E-007
 2.70000004E-007
 2.75000004E-007
 2.80000004E-007
 2.85000004E-007
 2.90000004E-007
 2.95000004E-007
 3.00000004E-007
 3.05000005E-007
 3.10000005E-007
 3.15000005E-007
 3.20000005E-007
 3.25000005E-007
 3.30000005E-007
 3.35000005E-007
 3.40000005E-007
 3.45000005E-007
 3.50000005E-007
 3.55000005E-007
 3.60000005E-007
 3.65000005E-007
 3.70000006E-007
 3.75000006E-007
 3.80000006E-007
 3.85000006E-007
 3.90000006E-007
 3.95000006E-007
 4.00000006E-007
 4.05000006E-007
 4.10000006E-007
 4.15000006E-007
 4.20000006E-007
 4.25000006E-007
 4.30000006E-007
 4.35000006E-007
 4.40000007E-007
 4.45000007E-007
 4.50000007E-007
 4.55000007E-007
 4.60000007E-007
 4.65000007E-007
 4.70000007E-007
 4.75000007E-007
 4.80000007E-007
 4.85000007E-007
 4.90000007E-007
 4.95000007E-007
 5.00000007E-007
 5.05000008E-007
 5.10000008E-007
 5.15000008E-007
 5.20000008E-007
 5.25000008E-007
 5.30000008E-007
 5.35000008E-007
 5.40000008E-007
 5.45000008E-007
 5.50000008E-007
 5.55000008E-007
 5.60000008E-007
 5.65000008E-007
 5.70000008E-007
 5.75000009E-007
 5.80000009E-007
 5.85000009E-007
 5.90000009E-007
 5.95000009E-007
 6.00000009E-007
 6.05000009E-007
 6.10000009E-007
 6.15000009E-007
 6.20000009E-007
 6.25000009E-007
 6.30000009E-007
 6.35000009E-007
 6.40000010E-007
 6.45000010E-007
 6.50000010E-007
 6.55000010E-007
 6.60000010E-007
 6.65000010E-007
 6.70000010E-007
 6.75000010E-007
 6.80000010E-007
 6.85000010E-007
 6.90000010E-007
 6.95000010E-007
 7.00000010E-007
 7.05000011E-007
 7.10000011E-007
 7.15000011E-007
 7.20000011E-007
 7.25000011E-007
 7.30000011E-007
 7.35000011E-007
 7.40000011E-007
 7.45000011E-007
 7.50000011E-007
 7.55000011E-007
 7.60000011E-007
 7.65000011E-007
 7.70000011E-007
 7.75000012E-007
 7.80000012E-007
 7.85000012E-007
 7.90000012E-007
 7.95000012E-007
 8.00000012E-007
 8.05000012E-007
 8.10000012E-007
 8.15000012E-007
 8.20000012E-007
 8.25000012E-007
 8.30000012E-007
 8.35000012E-007
 8.40000013E-007
 8.45000013E-007
 8.50000013E-007
 8.55000013E-007
 8.60000013E-007
 8.65000013E-007
 8.70000013E-007
 8.75000013E-007
 8.80000013E-007
 8.85000013E-007
 8.90000013E-007
 8.95000013E-007
 9.00000013E-007
 9.05000013E-007
 9.10000014E-007
 9.15000014E-007
 9.20000014E-007
 9.25000014E-007
 9.30000014E-007
 9.35000014E-007
 9.40000014E-007
 9.45000014E-007
 9.50000014E-007
 9.55000014E-007
 9.60000014E-007
 9.65000014E-007
 9.70000014E-007
 9.75000015E-007
 9.80000015E-007
 9.85000015E-007
 9.90000015E-007
 9.95000015E-007
 5.00000007E-008
 1.00000001E-007
 1.50000002E-007
 2.00000003E-007
 2.50000004E-007
 3.00000004E-007
 3.50000005E-007
 4.00000006E-007
 4.50000007E-007
 5.00000007E-007
 5.50000008E-007
 6.00000009E-007
 6.50000010E-007
 7.00000010E-007
 7.50000011E-007
 8.00000012E-007
 8.50000013E-007
 9.00000013E-007
 9.50000014E-007
 1.00000001E-006
 1.05000002E-006
 1.10000002E-006
 1.15000002E-006
 1.20000002E-006
 1.25000002E-006
 1.30000002E-006
 1.35000002E-006
 1.40000002E-006
 1.45000002E-006
 1.50000002E-006
 1.55000002E-006
 1.60000002E-006
 1.65000002E-006
 1.70000003E-006
 1.75000003E-006
 1.80000003E-006
 1.85000003E-006
 1.90000003E-006
 1.95000003E-006
 2.00000003E-006
 2.05000003E-006
 2.10000003E-006
 2.15000003E-006
 2.20000003E-006
 2.25000003E-006
 2.30000003E-006
 2.35000004E-006
 2.40000004E-006
 2.45000004E-006
 2.50000004E-006
 2.55000004E-006
 2.60000004E-006
 2.65000004E-006
 2.70000004E-006
 2.75000004E-006
 2.80000004E-006
 2.85000004E-006
 2.90000004E-006
 2.95000004E-006
 3.00000004E-006
 3.05000005E-006
 3.10000005E-006
 3.15000005E-006
 3.20000005E-006
 3.25000005E-006
 3.30000005E-006
 3.35000005E-006
 3.40000005E-006
 3.45000005E-006
 3.50000005E-006
 3.55000005E-006
 3.60000005E-006
 3.65000005E-006
 3.70000006E-006
 3.75000006E-006
 3.80000006E-006
 3.85000006E-006
 3.90000006E-006
 3.95000006E-006
 4.00000006E-006
 4.05000006E-006
 4.10000006E-006
 4.15000006E-006
 4.20000006E-006
 4.25000006E-006
 4.30000006E-006
 4.35000006E-006
 4.40000007E-006
 4.45000007E-006
 4.50000007E-006
 4.55000007E-006
 4.60000007E-006
 4.65000007E-006
 4.70000007E-006
 4.75000007E-006
 4.80000007E-006
 4.85000007E-006
 4.90000007E-006
 4.95000007E-006
 5.00000007E-006
 5.05000008E-006
 5.10000008E-006
 5.15000008E-006
 5.20000008E-006
 5.25000008E-006
 5.30000008E-006
 5.35000008E-006
 5.40000008E-006
 5.45000008E-006
 5.50000008E-006
 5.55000008E-006
 5.60000008E-006
 5.65000008E-006
 5.70000008E-006
 5.75000009E-006
 5.80000009E-006
 5.85000009E-006
 5.90000009E-006
 5.95000009E-006
 6.00000009E-006
 6.05000009E-006
 6.10000009E-006
 6.15000009E-006
 6.20000009E-006
 6.25000009E-006
 6.30000009E-006
 6.35000009E-006
 6.40000010E-006
 6.45000010E-006
 6.50000010E-006
 6.55000010E-006
 6.60000010E-006
 6.65000010E-006
 6.70000010E-006
 6.75000010E-006
 6.80000010E-006
 6.85000010E-006
 6.90000010E-006
 6.95000010E-006
 7.00000010E-006
 7.05000011E-006
 7.10000011E-006
 7.15000011E-006
 7.20000011E-006
 7.25000011E-006
 7.30000011E-006
 7.35000011E-006
 7.40000011E-006
 7.45000011E-006
 7.50000011E-006
 7.55000011E-006
 7.60000011E-006
 7.65000011E-006
 7.70000011E-006
 7.75000012E-006
 7.80000012E-006
 7.85000012E-006
 7.90000012E-006
 7.95000012E-006
 8.00000012E-006
 8.05000012E-006
 8.10000012E-006
 8.15000012E-006
 8.20000012E-006
 8.25000012E-006
 8.30000012E-006
 8.35000012E-006
 8.40000013E-006
 8.45000013E-006
 8.50000013E-006
 8.55000013E-006
 8.60000013E-006
 8.65000013E-006
 8.70000013E-006
 8.75000013E-006
 8.80000013E-006
 8.85000013E-006
 8.90000013E-006
 8.95000013E-006
 9.00000013E-006
 9.05000013E-006
 9.10000014E-006
 9.15000014E-006
 9.20000014E-006
 9.25000014E-006
 9.30000014E-006
 9.35000014E-006
 9.40000014E-006
 9.45000014E-006
 9.50000014E-006
 9.55000014E-006
 9.60000014E-006
 9.65000014E-006
 9.70000014E-006
 9.75000015E-006
 9.80000015E-006
 9.85000015E-006
 9.90000015E-006
 9.95000015E-006
 5.00000007E-007
 1.00000001E-006
 1.50000002E-006
 2.00000003E-006
 2.50000004E-006
 3.00000004E-006
 3.50000005E-006
 4.00000006E-006
 4.50000007E-006
 5.00000007E-006
 5.50000008E-006
 6.00000009E-006
 6.50000010E-006
 7.00000010E-006
 7.50000011E-006
 8.00000012E-006
 8.50000013E-006
 9.00000013E-006
 9.50000014E-006
 1.00000001E-005
 1.05000002E-005
 1.10000002E-005
 1.15000002E-005
 1.20000002E-005
 1.25000002E-005
 1.30000002E-005
 1.35000002E-005
 1.40000002E-005
 1.45000002E-005
 1.50000002E-005
 1.55000002E-005
 1.60000002E-005
 1.65000002E-005
 1.70000003E-005
 1.75000003E-005
 1.80000003E-005
 1.85000003E-005
 1.90000003E-005
 1.95000003E-005
 2.00000003E-005
 2.05000003E-005
 2.10000003E-005
 2.15000003E-005
 2.20000003E-005
 2.25000003E-005
 2.30000003E-005
 2.35000004E-005
 2.40000004E-005
 2.45000004E-005
 2.50000004E-005
 2.55000004E-005
 2.60000004E-005
 2.65000004E-005
 2.70000004E-005
 2.75000004E-005
 2.80000004E-005
 2.85000004E-005
 2.90000004E-005
 2.95000004E-005
 3.00000004E-005
 3.05000005E-005
 3.10000005E-005
 3.15000005E-005
 3.20000005E-005
 3.25000005E-005
 3.30000005E-005
 3.35000005E-005
 3.40000005E-005
 3.45000005E-005
 3.50000005E-005
 3.55000005E-005
 3.60000005E-005
 3.65000005E-005
 3.70000006E-005
 3.75000006E-005
 3.80000006E-005
 3.85000006E-005
 3.90000006E-005
 3.95000006E-005
 4.00000006E-005
 4.05000006E-005
 4.10000006E-005
 4.15000006E-005
 4.20000006E-005
 4.25000006E-005
 4.30000006E-005
 4.35000006E-005
 4.40000007E-005
 4.45000007E-005
 4.50000007E-005
 4.55000007E-005
 4.60000007E-005
 4.65000007E-005
 4.70000007E-005
 4.75000007E-005
 4.80000007E-005
 4.85000007E-005
 4.90000007E-005
 4.95000007E-005
 5.00000007E-005
 5.05000008E-005
 5.10000008E-005
 5.15000008E-005
 5.20000008E-005
 5.25000008E-005
 5.30000008E-005
 5.35000008E-005
 5.40000008E-005
 5.45000008E-005
 5.50000008E-005
 5.55000008E-005
 5.60000008E-005
 5.65000008E-005
 5.70000008E-005
 5.75000009E-005
 5.80000009E-005
 5.85000009E-005
 5.90000009E-005
 5.95000009E-005
 6.00000009E-005
 6.05000009E-005
 6.10000009E-005
 6.15000009E-005
 6.20000009E-005
 6.25000009E-005
 6.30000009E-005
 6.35000009E-005
 6.40000010E-005
 6.45000010E-005
 6.50000010E-005
 6.55000010E-005
 6.60000010E-005
 6.65000010E-005
 6.70000010E-005
 6.75000010E-005
 6.80000010E-005
 6.85000010E-005
 6.90000010E-005
 6.95000010E-005
 7.00000010E-005
 7.05000011E-005
 7.10000011E-005
 7.15000011E-005
 7.20000011E-005
 7.25000011E-005
 7.30000011E-005
 7.35000011E-005
 7.40000011E-005
 7.45000011E-005
 7.50000011E-005
 7.55000011E-005
 7.60000011E-005
 7.65000011E-005
 7.70000011E-005
 7.75000012E-005
 7.80000012E-005
 7.85000012E-005
 7.90000012E-005
 7.95000012E-005
 8.00000012E-005
 8.05000012E-005
 8.10000012E-005
 8.15000012E-005
 8.20000012E-005
 8.25000012E-005
 8.30000012E-005
 8.35000012E-005
 8.40000013E-005
 8.45000013E-005
 8.50000013E-005
 8.55000013E-005
 8.60000013E-005
 8.65000013E-005
 8.70000013E-005
 8.75000013E-005
 8.80000013E-005
 8.85000013E-005
 8.90000013E-005
 8.95000013E-005
 9.00000013E-005
 9.05000013E-005
 9.10000014E-005
 9.15000014E-005
 9.20000014E-005
 9.25000014E-005
 9.30000014E-005
 9.35000014E-005
 9.40000014E-005
 9.45000014E-005
 9.50000014E-005
 9.55000014E-005
 9.60000014E-005
 9.65000014E-005
 9.70000014E-005
 9.75000015E-005
 9.80000015E-005
 9.85000015E-005
 9.90000015E-005
 9.95000015E-005
 5.00000007E-006
 1.00000001E-005
 1.50000002E-005
 2.00000003E-005
 2.50000004E-005
 3.00000004E-005
 3.50000005E-005
 4.00000006E-005
 4.50000007E-005
 5.00000007E-005
 5.50000008E-005
 6.00000009E-005
 6.50000010E-005
 7.00000010E-005
 7.50000011E-005
 8.00000012E-005
 8.50000013E-005
 9.00000013E-005
 9.50000014E-005
 1.00000001E-004
 1.05000002E-004
 1.10000002E-004
 1.15000002E-004
 1.20000002E-004
 1.25000002E-004
 1.30000002E-004
 1.35000002E-004
 1.40000002E-004
 1.45000002E-004
 1.50000002E-004
 1.55000002E-004
 1.60000002E-004
 1.65000002E-004
 1.70000003E-004
 1.75000003E-004
 1.80000003E-004
 1.85000003E-004
 1.90000003E-004
 1.95000003E-004
 2.00000003E-004
 2.05000003E-004
 2.10000003E-004
 2.15000003E-004
 2.20000003E-004
 2.25000003E-004
 2.30000003E-004
 2.35000004E-004
 2.40000004E-004
 2.45000004E-004
 2.50000004E-004
 2.55000004E-004
 2.60000004E-004
 2.65000004E-004
 2.70000004E-004
 2.75000004E-004
 2.80000004E-004
 2.85000004E-004
 2.90000004E-004
 2.95000004E-004
 3.00000004E-004
 3.05000005E-004
 3.10000005E-004
 3.15000005E-004
 3.20000005E-004
 3.25000005E-004
 3.30000005E-004
 3.35000005E-004
 3.40000005E-004
 3.45000005E-004
 3.50000005E-004
 3.55000005E-004
 3.60000005E-004
 3.65000005E-004
 3.70000006E-004
 3.75000006E-004
 3.80000006E-004
 3.85000006E-004
 3.90000006E-004
 3.95000006E-004
 4.00000006E-004
 4.05000006E-004
 4.10000006E-004
 4.15000006E-004
 4.20000006E-004
 4.25000006E-004
 4.30000006E-004
 4.35000006E-004
 4.40000007E-004
 4.45000007E-004
 4.50000007E-004
 4.55000007E-004
 4.60000007E-004
 4.65000007E-004
 4.70000007E-004
 4.75000007E-004
 4.80000007E-004
 4.85000007E-004
 4.90000007E-004
 4.95000007E-004
 5.00000007E-004
 5.05000008E-004
 5.10000008E-004
 5.15000008E-004
 5.20000008E-004
 5.25000008E-004
 5.30000008E-004
 5.35000008E-004
 5.40000008E-004
 5.45000008E-004
 5.50000008E-004
 5.55000008E-004
 5.60000008E-004
 5.65000008E-004
 5.70000008E-004
 5.75000009E-004
 5.80000009E-004
 5.85000009E-004
 5.90000009E-004
 5.95000009E-004
 6.00000009E-004
 6.05000009E-004
 6.10000009E-004
 6.15000009E-004
 6.20000009E-004
 6.25000009E-004
 6.30000009E-004
 6.35000009E-004
 6.40000010E-004
 6.45000010E-004
 6.50000010E-004
 6.55000010E-004
 6.60000010E-004
 6.65000010E-004
 6.70000010E-004
 6.75000010E-004
 6.80000010E-004
 6.85000010E-004
 6.90000010E-004
 6.95000010E-004
 7.00000010E-004
 7.05000011E-004
 7.10000011E-004
 7.15000011E-004
 7.20000011E-004
 7.25000011E-004
 7.30000011E-004
 7.35000011E-004
 7.40000011E-004
 7.45000011E-004
 7.50000011E-004
 7.55000011E-004
 7.60000011E-004
 7.65000011E-004
 7.70000011E-004
 7.75000012E-004
 7.80000012E-004
 7.85000012E-004
 7.90000012E-004
 7.95000012E-004
 8.00000012E-004
 8.05000012E-004
 8.10000012E-004
 8.15000012E-004
 8.20000012E-004
 8.25000012E-004
 8.30000012E-004
 8.35000012E-004
 8.40000013E-004
 8.45000013E-004
 8.50000013E-004
 8.55000013E-004
 8.60000013E-004
 8.65000013E-004
 8.70000013E-004
 8.75000013E-004
 8.80000013E-004
 8.85000013E-004
 8.90000013E-004
 8.95000013E-004
 9.00000013E-004
 9.05000013E-004
 9.10000014E-004
 9.15000014E-004
 9.20000014E-004
 9.25000014E-004
 9.30000014E-004
 9.35000014E-004
 9.40000014E-004
 9.45000014E-004
 9.50000014E-004
 9.55000014E-004
 9.60000014E-004
 9.65000014E-004
 9.70000014E-004
 9.75000015E-004
 9.80000015E-004
 9.85000015E-004
 9.90000015E-004
 9.95000015E-004
 5.00000007E-005
 1.00000001E-004
 1.50000002E-004
 2.00000003E-004
 2.50000004E-004
 3.00000004E-004
 3.50000005E-004
 4.00000006E-004
 4.50000007E-004
 5.00000007E-004
 5.50000008E-004
 6.00000009E-004
 6.50000010E-004
 7.00000010E-004
 7.50000011E-004
 8.00000012E-004
 8.50000013E-004
 9.00000013E-004
 9.50000014E-004
 1.00000001E-003
 1.05000002E-003
 1.10000002E-003
 1.15000002E-003
 1.20000002E-003
 1.25000002E-003
 1.30000002E-003
 1.35000002E-003
 1.40000002E-003
 1.45000002E-003
 1.50000002E-003
 1.55000002E-003
 1.60000002E-003
 1.65000002E-003
 1.70000003E-003
 1.75000003E-003
 1.80000003E-003
 1.85000003E-003
 1.90000003E-003
 1.95000003E-003
 2.00000003E-003
 2.05000003E-003
 2.10000003E-003
 2.15000003E-003
 2.20000003E-003
 2.25000003E-003
 2.30000003E-003
 2.35000004E-003
 2.40000004E-003
 2.45000004E-003
 2.50000004E-003
 2.55000004E-003
 2.60000004E-003
 2.65000004E-003
 2.70000004E-003
 2.75000004E-003
 2.80000004E-003
 2.85000004E-003
 2.90000004E-003
 2.95000004E-003
 3.00000004E-003
 3.05000005E-003
 3.10000005E-003
 3.15000005E-003
 3.20000005E-003
 3.25000005E-003
 3.30000005E-003
 3.35000005E-003
 3.40000005E-003
 3.45000005E-003
 3.50000005E-003
 3.55000005E-003
 3.60000005E-003
 3.65000005E-003
 3.70000006E-003
 3.75000006E-003
 3.80000006E-003
 3.85000006E-003
 3.90000006E-003
 3.95000006E-003
 4.00000006E-003
 4.05000006E-003
 4.10000006E-003
 4.15000006E-003
 4.20000006E-003
 4.25000006E-003
 4.30000006E-003
 4.35000006E-003
 4.40000007E-003
 4.45000007E-003
 4.50000007E-003
 4.55000007E-003
 4.60000007E-003
 4.65000007E-003
 4.70000007E-003
 4.75000007E-003
 4.80000007E-003
 4.85000007E-003
 4.90000007E-003
 4.95000007E-003
 5.00000007E-003
 5.05000008E-003
 5.10000008E-003
 5.15000008E-003
 5.20000008E-003
 5.25000008E-003
 5.30000008E-003
 5.35000008E-003
 5.40000008E-003
 5.45000008E-003
 5.50000008E-003
 5.55000008E-003
 5.60000008E-003
 5.65000008E-003
 5.70000008E-003
 5.75000009E-003
 5.80000009E-003
 5.85000009E-003
 5.90000009E-003
 5.95000009E-003
 6.00000009E-003
 6.05000009E-003
 6.10000009E-003
 6.15000009E-003
 6.20000009E-003
 6.25000009E-003
 6.30000009E-003
 6.35000009E-003
 6.40000010E-003
 6.45000010E-003
 6.50000010E-003
 6.55000010E-003
 6.60000010E-003
 6.65000010E-003
 6.70000010E-003
 6.75000010E-003
 6.80000010E-003
 6.85000010E-003
 6.90000010E-003
 6.95000010E-003
 7.00000010E-003
 7.05000011E-003
 7.10000011E-003
 7.15000011E-003
 7.20000011E-003
 7.25000011E-003
 7.30000011E-003
 7.35000011E-003
 7.40000011E-003
 7.45000011E-003
 7.50000011E-003
 7.55000011E-003
 7.60000011E-003
 7.65000011E-003
 7.70000011E-003
 7.75000012E-003
 7.80000012E-003
 7.85000012E-003
 7.90000012E-003
 7.95000012E-003
 8.00000012E-003
 8.05000012E-003
 8.10000012E-003
 8.15000012E-003
 8.20000012E-003
 8.25000012E-003
 8.30000012E-003
 8.35000012E-003
 8.40000013E-003
 8.45000013E-003
 8.50000013E-003
 8.55000013E-003
 8.60000013E-003
 8.65000013E-003
 8.70000013E-003
 8.75000013E-003
 8.80000013E-003
 8.85000013E-003
 8.90000013E-003
 8.95000013E-003
 9.00000013E-003
 9.05000013E-003
 9.10000014E-003
 9.15000014E-003
 9.20000014E-003
 9.25000014E-003
 9.30000014E-003
 9.35000014E-003
 9.40000014E-003
 9.45000014E-003
 9.50000014E-003
 9.55000014E-003
 9.60000014E-003
 9.65000014E-003
 9.70000014E-003
 9.75000015E-003
 9.80000015E-003
 9.85000015E-003
 9.90000015E-003
 9.95000015E-003
 5.00000007E-004
 1.00000001E-003
 1.50000002E-003
 2.00000003E-003
 2.50000004E-003
 3.00000004E-003
 3.50000005E-003
 4.00000006E-003
 4.50000007E-003
 5.00000007E-003
 5.50000008E-003
 6.00000009E-003
 6.50000010E-003
 7.00000010E-003
 7.50000011E-003
 8.00000012E-003
 8.50000013E-003
 9.00000013E-003
 9.50000014E-003
 1.00000001E-002
 1.05000002E-002
 1.10000002E-002
 1.15000002E-002
 1.20000002E-002
 1.25000002E-002
 1.30000002E-002
 1.35000002E-002
 1.40000002E-002
 1.45000002E-002
 1.50000002E-002
 1.55000002E-002
 1.60000002E-002
 1.65000002E-002
 1.70000003E-002
 1.75000003E-002
 1.80000003E-002
 1.85000003E-002
 1.90000003E-002
 1.95000003E-002
 2.00000003E-002
 2.05000003E-002
 2.10000003E-002
 2.15000003E-002
 2.20000003E-002
 2.25000003E-002
 2.30000003E-002
 2.35000004E-002
 2.40000004E-002
 2.45000004E-002
 2.50000004E-002
 2.55000004E-002
 2.60000004E-002
 2.65000004E-002
 2.70000004E-002
 2.75000004E-002
 2.80000004E-002
 2.85000004E-002
 2.90000004E-002
 2.95000004E-002
 3.00000004E-002
 3.05000005E-002
 3.10000005E-002
 3.15000005E-002
 3.20000005E-002
 3.25000005E-002
 3.30000005E-002
 3.35000005E-002
 3.40000005E-002
 3.45000005E-002
 3.50000005E-002
 3.55000005E-002
 3.60000005E-002
 3.65000005E-002
 3.70000006E-002
 3.75000006E-002
 3.80000006E-002
 3.85000006E-002
 3.90000006E-002
 3.95000006E-002
 4.00000006E-002
 4.05000006E-002
 4.10000006E-002
 4.15000006E-002
 4.20000006E-002
 4.25000006E-002
 4.30000006E-002
 4.35000006E-002
 4.40000007E-002
 4.45000007E-002
 4.50000007E-002
 4.55000007E-002
 4.60000007E-002
 4.65000007E-002
 4.70000007E-002
 4.75000007E-002
 4.80000007E-002
 4.85000007E-002
 4.90000007E-002
 4.95000007E-002
 5.00000007E-002
 5.05000008E-002
 5.10000008E-002
 5.15000008E-002
 5.20000008E-002
 5.25000008E-002
 5.30000008E-002
 5.35000008E-002
 5.40000008E-002
 5.45000008E-002
 5.50000008E-002
 5.55000008E-002
 5.60000008E-002
 5.65000008E-002
 5.70000008E-002
 5.75000009E-002
 5.80000009E-002
 5.85000009E-002
 5.90000009E-002
 5.95000009E-002
 6.00000009E-002
 6.05000009E-002
 6.10000009E-002
 6.15000009E-002
 6.20000009E-002
 6.25000009E-002
 6.30000009E-002
 6.35000009E-002
 6.40000010E-002
 6.45000010E-002
 6.50000010E-002
 6.55000010E-002
 6.60000010E-002
 6.65000010E-002
 6.70000010E-002
 6.75000010E-002
 6.80000010E-002
 6.85000010E-002
 6.90000010E-002
 6.95000010E-002
 7.00000010E-002
 7.05000011E-002
 7.10000011E-002
 7.15000011E-002
 7.20000011E-002
 7.25000011E-002
 7.30000011E-002
 7.35000011E-002
 7.40000011E-002
 7.45000011E-002
 7.50000011E-002
 7.55000011E-002
 7.60000011E-002
 7.65000011E-002
 7.70000011E-002
 7.75000012E-002
 7.80000012E-002
 7.85000012E-002
 7.90000012E-002
 7.95000012E-002
 8.00000012E-002
 8.05000012E-002
 8.10000012E-002
 8.15000012E-002
 8.20000012E-002
 8.25000012E-002
 8.30000012E-002
 8.35000012E-002
 8.40000013E-002
 8.45000013E-002
 8.50000013E-002
 8.55000013E-002
 8.60000013E-002
 8.65000013E-002
 8.70000013E-002
 8.75000013E-002
 8.80000013E-002
 8.85000013E-002
 8.90000013E-002
 8.95000013E-002
 9.00000013E-002
 9.05000013E-002
 9.10000014E-002
 9.15000014E-002
 9.20000014E-002
 9.25000014E-002
 9.30000014E-002
 9.35000014E-002
 9.40000014E-002
 9.45000014E-002
 9.50000014E-002
 9.55000014E-002
 9.60000014E-002
 9.65000014E-002
 9.70000014E-002
 9.75000015E-002
 9.80000015E-002
 9.85000015E-002
 9.90000015E-002
 9.95000015E-002
 5.00000007E-003
 1.00000001E-002
 1.50000002E-002
 2.00000003E-002
 2.50000004E-002
 3.00000004E-002
 3.50000005E-002
 4.00000006E-002
 4.50000007E-002
 5.00000007E-002
 5.50000008E-002
 6.00000009E-002
 6.50000010E-002
 7.00000010E-002
 7.50000011E-002
 8.00000012E-002
 8.50000013E-002
 9.00000013E-002
 9.50000014E-002
 1.00000001E-001
 1.05000002E-001
 1.10000002E-001
 1.15000002E-001
 1.20000002E-001
 1.25000002E-001
 1.30000002E-001
 1.35000002E-001
 1.40000002E-001
 1.45000002E-001
 1.50000002E-001
 1.55000002E-001
 1.60000002E-001
 1.65000002E-001
 1.70000003E-001
 1.75000003E-001
 1.80000003E-001
 1.85000003E-001
 1.90000003E-001
 1.95000003E-001
 2.00000003E-001
 2.05000003E-001
 2.10000003E-001
 2.15000003E-001
 2.20000003E-001
 2.25000003E-001
 2.30000003E-001
 2.35000004E-001
 2.40000004E-001
 2.45000004E-001
 2.50000004E-001
 2.55000004E-001
 2.60000004E-001
 2.65000004E-001
 2.70000004E-001
 2.75000004E-001
 2.80000004E-001
 2.85000004E-001
 2.90000004E-001
 2.95000004E-001
 3.00000004E-001
 3.05000005E-001
 3.10000005E-001
 3.15000005E-001
 3.20000005E-001
 3.25000005E-001
 3.30000005E-001
 3.35000005E-001
 3.40000005E-001
 3.45000005E-001
 3.50000005E-001
 3.55000005E-001
 3.60000005E-001
 3.65000005E-001
 3.70000006E-001
 3.75000006E-001
 3.80000006E-001
 3.85000006E-001
 3.90000006E-001
 3.95000006E-001
 4.00000006E-001
 4.05000006E-001
 4.10000006E-001
 4.15000006E-001
 4.20000006E-001
 4.25000006E-001
 4.30000006E-001
 4.35000006E-001
 4.40000007E-001
 4.45000007E-001
 4.50000007E-001
 4.55000007E-001
 4.60000007E-001
 4.65000007E-001
 4.70000007E-001
 4.75000007E-001
 4.80000007E-001
 4.85000007E-001
 4.90000007E-001
 4.95000007E-001
 5.00000007E-001
 5.05000008E-001
 5.10000008E-001
 5.15000008E-001
 5.20000008E-001
 5.25000008E-001
 5.30000008E-001
 5.35000008E-001
 5.40000008E-001
 5.45000008E-001
 5.50000008E-001
 5.55000008E-001
 5.60000008E-001
 5.65000008E-001
 5.70000008E-001
 5.75000009E-001
 5.80000009E-001
 5.85000009E-001
 5.90000009E-001
 5.95000009E-001
 6.00000009E-001
 6.05000009E-001
 6.10000009E-001
 6.15000009E-001
 6.20000009E-001
 6.25000009E-001
 6.30000009E-001
 6.35000009E-001
 6.40000010E-001
 6.45000010E-001
 6.50000010E-001
 6.55000010E-001
 6.60000010E-001
 6.65000010E-001
 6.70000010E-001
 6.75000010E-001
 6.80000010E-001
 6.85000010E-001
 6.90000010E-001
 6.95000010E-001
 7.00000010E-001
 7.05000011E-001
 7.10000011E-001
 7.15000011E-001
 7.20000011E-001
 7.25000011E-001
 7.30000011E-001
 7.35000011E-001
 7.40000011E-001
 7.45000011E-001
 7.50000011E-001
 7.55000011E-001
 7.60000011E-001
 7.65000011E-001
 7.70000011E-001
 7.75000012E-001
 7.80000012E-001
 7.85000012E-001
 7.90000012E-001
 7.95000012E-001
 8.00000012E-001
 8.05000012E-001
 8.10000012E-001
 8.15000012E-001
 8.20000012E-001
 8.25000012E-001
 8.30000012E-001
 8.35000012E-001
 8.40000013E-001
 8.45000013E-001
 8.50000013E-001
 8.55000013E-001
 8.60000013E-001
 8.65000013E-001
 8.70000013E-001
 8.75000013E-001
 8.80000013E-001
 8.85000013E-001
 8.90000013E-001
 8.95000013E-001
 9.00000013E-001
 9.05000013E-001
 9.10000014E-001
 9.15000014E-001
 9.20000014E-001
 9.25000014E-001
 9.30000014E-001
 9.35000014E-001
 9.40000014E-001
 9.45000014E-001
 9.50000014E-001
 9.55000014E-001
 9.60000014E-001
 9.65000014E-001
 9.70000014E-001
 9.75000015E-001
 9.80000015E-001
 9.85000015E-001
 9.90000015E-001
 9.95000015E-001
 5.00000007E-002
 1.00000001E-001
 1.50000002E-001
 2.00000003E-001
 2.50000004E-001
 3.00000004E-001
 3.50000005E-001
 4.00000006E-001
 4.50000007E-001
 5.00000007E-001
 5.50000008E-001
 6.00000009E-001
 6.50000010E-001
 7.00000010E-001
 7.50000011E-001
 8.00000012E-001
 8.50000013E-001
 9.00000013E-001
 9.50000014E-001
 1.00000001E+000
 1.05000002E+000
 1.10000002E+000
 1.15000002E+000
 1.20000002E+000
 1.25000002E+000
 1.30000002E+000
 1.35000002E+000
 1.40000002E+000
 1.45000002E+000
 1.50000002E+000
 1.55000002E+000
 1.60000002E+000
 1.65000002E+000
 1.70000003E+000
 1.75000003E+000
 1.80000003E+000
 1.85000003E+000
 1.90000003E+000
 1.95000003E+000
 2.00000003E+000
 2.05000003E+000
 2.10000003E+000
 2.15000003E+000
 2.20000003E+000
 2.25000003E+000
 2.30000003E+000
 2.35000004E+000
 2.40000004E+000
 2.45000004E+000
 2.50000004E+000
 2.55000004E+000
 2.60000004E+000
 2.65000004E+000
 2.70000004E+000
 2.75000004E+000
 2.80000004E+000
 2.85000004E+000
 2.90000004E+000
 2.95000004E+000
 3.00000004E+000
 3.05000005E+000
 3.10000005E+000
 3.15000005E+000
 3.20000005E+000
 3.25000005E+000
 3.30000005E+000
 3.35000005E+000
 3.40000005E+000
 3.45000005E+000
 3.50000005E+000
 3.55000005E+000
 3.60000005E+000
 3.65000005E+000
 3.70000006E+000
 3.75000006E+000
 3.80000006E+000
 3.85000006E+000
 3.90000006E+000
 3.95000006E+000
 4.00000006E+000
 4.05000006E+000
 4.10000006E+000
 4.15000006E+000
 4.20000006E+000
 4.25000006E+000
 4.30000006E+000
 4.35000006E+000
 4.40000007E+000
 4.45000007E+000
 4.50000007E+000
 4.55000007E+000
 4.60000007E+000
 4.65000007E+000
 4.70000007E+000
 4.75000007E+000
 4.80000007E+000
 4.85000007E+000
 4.90000007E+000
 4.95000007E+000
 5.00000007E+000
 5.05000008E+000
 5.10000008E+000
 5.15000008E+000
 5.20000008E+000
 5.25000008E+000
 5.30000008E+000
 5.35000008E+000
 5.40000008E+000
 5.45000008E+000
 5.50000008E+000
 5.55000008E+000
 5.60000008E+000
 5.65000008E+000
 5.70000008E+000
 5.75000009E+000
 5.80000009E+000
 5.85000009E+000
 5.90000009E+000
 5.95000009E+000
 6.00000009E+000
 6.05000009E+000
 6.10000009E+000
 6.15000009E+000
 6.20000009E+000
 6.25000009E+000
 6.30000009E+000
 6.35000009E+000
 6.40000010E+000
 6.45000010E+000
 6.50000010E+000
 6.55000010E+000
 6.60000010E+000
 6.65000010E+000
 6.70000010E+000
 6.75000010E+000
 6.80000010E+000
 6.85000010E+000
 6.90000010E+000
 6.95000010E+000
 7.00000010E+000
 7.05000011E+000
 7.10000011E+000
 7.15000011E+000
 7.20000011E+000
 7.25000011E+000
 7.30000011E+000
 7.35000011E+000
 7.40000011E+000
 7.45000011E+000
 7.50000011E+000
 7.55000011E+000
 7.60000011E+000
 7.65000011E+000
 7.70000011E+000
 7.75000012E+000
 7.80000012E+000
 7.85000012E+000
 7.90000012E+000
 7.95000012E+000
 8.00000012E+000
 8.05000012E+000
 8.10000012E+000
 8.15000012E+000
 8.20000012E+000
 8.25000012E+000
 8.30000012E+000
 8.35000012E+000
 8.40000013E+000
 8.45000013E+000
 8.50000013E+000
 8.55000013E+000
 8.60000013E+000
 8.65000013E+000
 8.70000013E+000
 8.75000013E+000
 8.80000013E+000
 8.85000013E+000
 8.90000013E+000
 8.95000013E+000
 9.00000013E+000
 9.05000013E+000
 9.10000014E+000
 9.15000014E+000
 9.20000014E+000
 9.25000014E+000
 9.30000014E+000
 9.35000014E+000
 9.40000014E+000
 9.45000014E+000
 9.50000014E+000
 9.55000014E+000
 9.60000014E+000
 9.65000014E+000
 9.70000014E+000
 9.75000015E+000
 9.80000015E+000
 9.85000015E+000
 9.90000015E+000
 9.95000015E+000
 5.00000007E-001
 1.00000001E+000
 1.50000002E+000
 2.00000003E+000
 2.50000004E+000
 3.00000004E+000
 3.50000005E+000
 4.00000006E+000
 4.50000007E+000
 5.00000007E+000
 5.50000008E+000
 6.00000009E+000
 6.50000010E+000
 7.00000010E+000
 7.50000011E+000
 8.00000012E+000
 8.50000013E+000
 9.00000013E+000
 9.50000014E+000
 1.00000001E+001
 1.05000002E+001
 1.10000002E+001
 1.15000002E+001
 1.20000002E+001
 1.25000002E+001
 1.30000002E+001
 1.35000002E+001
 1.40000002E+001
 1.45000002E+001
 1.50000002E+001
 1.55000002E+001
 1.60000002E+001
 1.65000002E+001
 1.70000003E+001
 1.75000003E+001
 1.80000003E+001
 1.85000003E+001
 1.90000003E+001
 1.95000003E+001
 2.00000003E+001
 2.05000003E+001
 2.10000003E+001
 2.15000003E+001
 2.20000003E+001
 2.25000003E+001
 2.30000003E+001
 2.35000004E+001
 2.40000004E+001
 2.45000004E+001
 2.50000004E+001
 2.55000004E+001
 2.60000004E+001
 2.65000004E+001
 2.70000004E+001
 2.75000004E+001
 2.80000004E+001
 2.85000004E+001
 2.90000004E+001
 2.95000004E+001
 3.00000004E+001
 3.05000005E+001
 3.10000005E+001
 3.15000005E+001
 3.20000005E+001
 3.25000005E+001
 3.30000005E+001
 3.35000005E+001
 3.40000005E+001
 3.45000005E+001
 3.50000005E+001
 3.55000005E+001
 3.60000005E+001
 3.65000005E+001
 3.70000006E+001
 3.75000006E+001
 3.80000006E+001
 3.85000006E+001
 3.90000006E+001
 3.95000006E+001
 4.00000006E+001
 4.05000006E+001
 4.10000006E+001
 4.15000006E+001
 4.20000006E+001
 4.25000006E+001
 4.30000006E+001
 4.35000006E+001
 4.40000007E+001
 4.45000007E+001
 4.50000007E+001
 4.55000007E+001
 4.60000007E+001
 4.65000007E+001
 4.70000007E+001
 4.75000007E+001
 4.80000007E+001
 4.85000007E+001
 4.90000007E+001
 4.95000007E+001
 5.00000007E+001
 5.05000008E+001
 5.10000008E+001
 5.15000008E+001
 5.20000008E+001
 5.25000008E+001
 5.30000008E+001
 5.35000008E+001
 5.40000008E+001
 5.45000008E+001
 5.50000008E+001
 5.55000008E+001
 5.60000008E+001
 5.65000008E+001
 5.70000008E+001
 5.75000009E+001
 5.80000009E+001
 5.85000009E+001
 5.90000009E+001
 5.95000009E+001
 6.00000009E+001
 6.05000009E+001
 6.10000009E+001
 6.15000009E+001
 6.20000009E+001
 6.25000009E+001
 6.30000009E+001
 6.35000009E+001
 6.40000010E+001
 6.45000010E+001
 6.50000010E+001
 6.55000010E+001
 6.60000010E+001
 6.65000010E+001
 6.70000010E+001
 6.75000010E+001
 6.80000010E+001
 6.85000010E+001
 6.90000010E+001
 6.95000010E+001
 7.00000010E+001
 7.05000011E+001
 7.10000011E+001
 7.15000011E+001
 7.20000011E+001
 7.25000011E+001
 7.30000011E+001
 7.35000011E+001
 7.40000011E+001
 7.45000011E+001
 7.50000011E+001
 7.55000011E+001
 7.60000011E+001
 7.65000011E+001
 7.70000011E+001
 7.75000012E+001
 7.80000012E+001
 7.85000012E+001
 7.90000012E+001
 7.95000012E+001
 8.00000012E+001
 8.05000012E+001
 8.10000012E+001
 8.15000012E+001
 8.20000012E+001
 8.25000012E+001
 8.30000012E+001
 8.35000012E+001
 8.40000013E+001
 8.45000013E+001
 8.50000013E+001
 8.55000013E+001
 8.60000013E+001
 8.65000013E+001
 8.70000013E+001
 8.75000013E+001
 8.80000013E+001
 8.85000013E+001
 8.90000013E+001
 8.95000013E+001
 9.00000013E+001
 9.05000013E+001
 9.10000014E+001
 9.15000014E+001
 9.20000014E+001
 9.25000014E+001
 9.30000014E+001
 9.35000014E+001
 9.40000014E+001
 9.45000014E+001
 9.50000014E+001
 9.55000014E+001
 9.60000014E+001
 9.65000014E+001
 9.70000014E+001
 9.75000015E+001
 9.80000015E+001
 9.85000015E+001
 9.90000015E+001
 9.95000015E+001
 5.00000007E+000
 1.00000001E+001
 1.50000002E+001
 2.00000003E+001
 2.50000004E+001
 3.00000004E+001
 3.50000005E+001
 4.00000006E+001
 4.50000007E+001
 5.00000007E+001
 5.50000008E+001
 6.00000009E+001
 6.50000010E+001
 7.00000010E+001
 7.50000011E+001
 8.00000012E+001
 8.50000013E+001
 9.00000013E+001
 9.50000014E+001
 1.00000001E+002
 1.05000002E+002
 1.10000002E+002
 1.15000002E+002
 1.20000002E+002
 1.25000002E+002
 1.30000002E+002
 1.35000002E+002
 1.40000002E+002
 1.45000002E+002
 1.50000002E+002
 1.55000002E+002
 1.60000002E+002
 1.65000002E+002
 1.70000003E+002
 1.75000003E+002
 1.80000003E+002
 1.85000003E+002
 1.90000003E+002
 1.95000003E+002
 2.00000003E+002
 2.05000003E+002
 2.10000003E+002
 2.15000003E+002
 2.20000003E+002
 2.25000003E+002
 2.30000003E+002
 2.35000004E+002
 2.40000004E+002
 2.45000004E+002
 2.50000004E+002
 2.55000004E+002
 2.60000004E+002
 2.65000004E+002
 2.70000004E+002
 2.75000004E+002
 2.80000004E+002
 2.85000004E+002
 2.90000004E+002
 2.95000004E+002
 3.00000004E+002
 3.05000005E+002
 3.10000005E+002
 3.15000005E+002
 3.20000005E+002
 3.25000005E+002
 3.30000005E+002
 3.35000005E+002
 3.40000005E+002
 3.45000005E+002
 3.50000005E+002
 3.55000005E+002
 3.60000005E+002
 3.65000005E+002
 3.70000006E+002
 3.75000006E+002
 3.80000006E+002
 3.85000006E+002
 3.90000006E+002
 3.95000006E+002
 4.00000006E+002
 4.05000006E+002
 4.10000006E+002
 4.15000006E+002
 4.20000006E+002
 4.25000006E+002
 4.30000006E+002
 4.35000006E+002
 4.40000007E+002
 4.45000007E+002
 4.50000007E+002
 4.55000007E+002
 4.60000007E+002
 4.65000007E+002
 4.70000007E+002
 4.75000007E+002
 4.80000007E+002
 4.85000007E+002
 4.90000007E+002
 4.95000007E+002
 5.00000007E+002
 5.05000008E+002
 5.10000008E+002
 5.15000008E+002
 5.20000008E+002
 5.25000008E+002
 5.30000008E+002
 5.35000008E+002
 5.40000008E+002
 5.45000008E+002
 5.50000008E+002
 5.55000008E+002
 5.60000008E+002
 5.65000008E+002
 5.70000008E+002
 5.75000009E+002
 5.80000009E+002
 5.85000009E+002
 5.90000009E+002
 5.95000009E+002
 6.00000009E+002
 6.05000009E+002
 6.10000009E+002
 6.15000009E+002
 6.20000009E+002
 6.25000009E+002
 6.30000009E+002
 6.35000009E+002
 6.40000010E+002
 6.45000010E+002
 6.50000010E+002
 6.55000010E+002
 6.60000010E+002
 6.65000010E+002
 6.70000010E+002
 6.75000010E+002
 6.80000010E+002
 6.85000010E+002
 6.90000010E+002
 6.95000010E+002
 7.00000010E+002
 7.05000011E+002
 7.10000011E+002
 7.15000011E+002
 7.20000011E+002
 7.25000011E+002
 7.30000011E+002
 7.35000011E+002
 7.40000011E+002
 7.45000011E+002
 7.50000011E+002
 7.55000011E+002
 7.60000011E+002
 7.65000011E+002
 7.70000011E+002
 7.75000012E+002
 7.80000012E+002
 7.85000012E+002
 7.90000012E+002
 7.95000012E+002
 8.00000012E+002
 8.05000012E+002
 8.10000012E+002
 8.15000012E+002
 8.20000012E+002
 8.25000012E+002
 8.30000012E+002
 8.35000012E+002
 8.40000013E+002
 8.45000013E+002
 8.50000013E+002
 8.55000013E+002
 8.60000013E+002
 8.65000013E+002
 8.70000013E+002
 8.75000013E+002
 8.80000013E+002
 8.85000013E+002
 8.90000013E+002
 8.95000013E+002
 9.00000013E+002
 9.05000013E+002
 9.10000014E+002
 9.15000014E+002
 9.20000014E+002
 9.25000014E+002
 9.30000014E+002
 9.35000014E+002
 9.40000014E+002
 9.45000014E+002
 9.50000014E+002
 9.55000014E+002
 9.60000014E+002
 9.65000014E+002
 9.70000014E+002
 9.75000015E+002
 9.80000015E+002
 9.85000015E+002
 9.90000015E+002
 9.95000015E+002
 5.00000007E+001
 1.00000001E+002
 1.50000002E+002
 2.00000003E+002
 2.50000004E+002
 3.00000004E+002
 3.50000005E+002
 4.00000006E+002
 4.50000007E+002
 5.00000007E+002
 5.50000008E+002
 6.00000009E+002
 6.50000010E+002
 7.00000010E+002
 7.50000011E+002
 8.00000012E+002
 8.50000013E+002
 9.00000013E+002
 9.50000014E+002
 1.00000001E+003
 1.05000002E+003
 1.10000002E+003
 1.15000002E+003
 1.20000002E+003
 1.25000002E+003
 1.30000002E+003
 1.35000002E+003
 1.40000002E+003
 1.45000002E+003
 1.50000002E+003
 1.55000002E+003
 1.60000002E+003
 1.65000002E+003
 1.70000003E+003
 1.75000003E+003
 1.80000003E+003
 1.85000003E+003
 1.90000003E+003
 1.95000003E+003
 2.00000003E+003
 2.05000003E+003
 2.10000003E+003
 2.15000003E+003
 2.20000003E+003
 2.25000003E+003
 2.30000003E+003
 2.35000004E+003
 2.40000004E+003
 2.45000004E+003
 2.50000004E+003
 2.55000004E+003
 2.60000004E+003
 2.65000004E+003
 2.70000004E+003
 2.75000004E+003
 2.80000004E+003
 2.85000004E+003
 2.90000004E+003
 2.95000004E+003
 3.00000004E+003
 3.05000005E+003
 3.10000005E+003
 3.15000005E+003
 3.20000005E+003
 3.25000005E+003
 3.30000005E+003
 3.35000005E+003
 3.40000005E+003
 3.45000005E+003
 3.50000005E+003
 3.55000005E+003
 3.60000005E+003
 3.65000005E+003
 3.70000006E+003
 3.75000006E+003
 3.80000006E+003
 3.85000006E+003
 3.90000006E+003
 3.95000006E+003
 4.00000006E+003
 4.05000006E+003
 4.10000006E+003
 4.15000006E+003
 4.20000006E+003
 4.25000006E+003
 4.30000006E+003
 4.35000006E+003
 4.40000007E+003
 4.45000007E+003
 4.50000007E+003
 4.55000007E+003
 4.60000007E+003
 4.65000007E+003
 4.70000007E+003
 4.75000007E+003
 4.80000007E+003
 4.85000007E+003
 4.90000007E+003
 4.95000007E+003
 5.00000007E+003
 5.05000008E+003
 5.10000008E+003
 5.15000008E+003
 5.20000008E+003
 5.25000008E+003
 5.30000008E+003
 5.35000008E+003
 5.40000008E+003
 5.45000008E+003
 5.50000008E+003
 5.55000008E+003
 5.60000008E+003
 5.65000008E+003
 5.70000008E+003
 5.75000009E+003
 5.80000009E+003
 5.85000009E+003
 5.90000009E+003
 5.95000009E+003
 6.00000009E+003
 6.05000009E+003
 6.10000009E+003
 6.15000009E+003
 6.20000009E+003
 6.25000009E+003
 6.30000009E+003
 6.35000009E+003
 6.40000010E+003
 6.45000010E+003
 6.50000010E+003
 6.55000010E+003
 6.60000010E+003
 6.65000010E+003
 6.70000010E+003
 6.75000010E+003
 6.80000010E+003
 6.85000010E+003
 6.90000010E+003
 6.95000010E+003
 7.00000010E+003
 7.05000011E+003
 7.10000011E+003
 7.15000011E+003
 7.20000011E+003
 7.25000011E+003
 7.30000011E+003
 7.35000011E+003
 7.40000011E+003
 7.45000011E+003
 7.50000011E+003
 7.55000011E+003
 7.60000011E+003
 7.65000011E+003
 7.70000011E+003
 7.75000012E+003
 7.80000012E+003
 7.85000012E+003
 7.90000012E+003
 7.95000012E+003
 8.00000012E+003
 8.05000012E+003
 8.10000012E+003
 8.15000012E+003
 8.20000012E+003
 8.25000012E+003
 8.30000012E+003
 8.35000012E+003
 8.40000013E+003
 8.45000013E+003
 8.50000013E+003
 8.55000013E+003
 8.60000013E+003
 8.65000013E+003
 8.70000013E+003
 8.75000013E+003
 8.80000013E+003
 8.85000013E+003
 8.90000013E+003
 8.95000013E+003
 9.00000013E+003
 9.05000013E+003
 9.10000014E+003
 9.15000014E+003
 9.20000014E+003
 9.25000014E+003
 9.30000014E+003
 9.35000014E+003
 9.40000014E+003
 9.45000014E+003
 9.50000014E+003
 9.55000014E+003
 9.60000014E+003
 9.65000014E+003
 9.70000014E+003
 9.75000015E+003
 9.80000015E+003
 9.85000015E+003
 9.90000015E+003
 9.95000015E+003
 5.00000007E+002
 1.00000001E+003
 1.50000002E+003
 2.00000003E+003
 2.50000004E+003
 3.00000004E+003
 3.50000005E+003
 4.00000006E+003
 4.50000007E+003
 5.00000007E+003
 5.50000008E+003
 6.00000009E+003
 6.50000010E+003
 7.00000010E+003
 7.50000011E+003
 8.00000012E+003
 8.50000013E+003
 9.00000013E+003
 9.50000014E+003
 1.00000001E+004
 1.05000002E+004
 1.10000002E+004
 1.15000002E+004
 1.20000002E+004
 1.25000002E+004
 1.30000002E+004
 1.35000002E+004
 1.40000002E+004
 1.45000002E+004
 1.50000002E+004
 1.55000002E+004
 1.60000002E+004
 1.65000002E+004
 1.70000003E+004
 1.75000003E+004
 1.80000003E+004
 1.85000003E+004
 1.90000003E+004
 1.95000003E+004
 2.00000003E+004
 2.05000003E+004
 2.10000003E+004
 2.15000003E+004
 2.20000003E+004
 2.25000003E+004
 2.30000003E+004
 2.35000004E+004
 2.40000004E+004
 2.45000004E+004
 2.50000004E+004
 2.55000004E+004
 2.60000004E+004
 2.65000004E+004
 2.70000004E+004
 2.75000004E+004
 2.80000004E+004
 2.85000004E+004
 2.90000004E+004
 2.95000004E+004
 3.00000004E+004
 3.05000005E+004
 3.10000005E+004
 3.15000005E+004
 3.20000005E+004
 3.25000005E+004
 3.30000005E+004
 3.35000005E+004
 3.40000005E+004
 3.45000005E+004
 3.50000005E+004
 3.55000005E+004
 3.60000005E+004
 3.65000005E+004
 3.70000006E+004
 3.75000006E+004
 3.80000006E+004
 3.85000006E+004
 3.90000006E+004
 3.95000006E+004
 4.00000006E+004
 4.05000006E+004
 4.10000006E+004
 4.15000006E+004
 4.20000006E+004
 4.25000006E+004
 4.30000006E+004
 4.35000006E+004
 4.40000007E+004
 4.45000007E+004
 4.50000007E+004
 4.55000007E+004
 4.60000007E+004
 4.65000007E+004
 4.70000007E+004
 4.75000007E+004
 4.80000007E+004
 4.85000007E+004
 4.90000007E+004
 4.95000007E+004
 5.00000007E+004
 5.05000008E+004
 5.10000008E+004
 5.15000008E+004
 5.20000008E+004
 5.25000008E+004
 5.30000008E+004
 5.35000008E+004
 5.40000008E+004
 5.45000008E+004
 5.50000008E+004
 5.55000008E+004
 5.60000008E+004
 5.65000008E+004
 5.70000008E+004
 5.75000009E+004
 5.80000009E+004
 5.85000009E+004
 5.90000009E+004
 5.95000009E+004
 6.00000009E+004
 6.05000009E+004
 6.10000009E+004
 6.15000009E+004
 6.20000009E+004
 6.25000009E+004
 6.30000009E+004
 6.35000009E+004
 6.40000010E+004
 6.45000010E+004
 6.50000010E+004
 6.55000010E+004
 6.60000010E+004
 6.65000010E+004
 6.70000010E+004
 6.75000010E+004
 6.80000010E+004
 6.85000010E+004
 6.90000010E+004
 6.95000010E+004
 7.00000010E+004
 7.05000011E+004
 7.10000011E+004
 7.15000011E+004
 7.20000011E+004
 7.25000011E+004
 7.30000011E+004
 7.35000011E+004
 7.40000011E+004
 7.45000011E+004
 7.50000011E+004
 7.55000011E+004
 7.60000011E+004
 7.65000011E+004
 7.70000011E+004
 7.75000012E+004
 7.80000012E+004
 7.85000012E+004
 7.90000012E+004
 7.95000012E+004
 8.00000012E+004
 8.05000012E+004
 8.10000012E+004
 8.15000012E+004
 8.20000012E+004
 8.25000012E+004
 8.30000012E+004
 8.35000012E+004
 8.40000013E+004
 8.45000013E+004
 8.50000013E+004
 8.55000013E+004
 8.60000013E+004
 8.65000013E+004
 8.70000013E+004
 8.75000013E+004
 8.80000013E+004
 8.85000013E+004
 8.90000013E+004
 8.95000013E+004
 9.00000013E+004
 9.05000013E+004
 9.10000014E+004
 9.15000014E+004
 9.20000014E+004
 9.25000014E+004
 9.30000014E+004
 9.35000014E+004
 9.40000014E+004
 9.45000014E+004
 9.50000014E+004
 9.55000014E+004
 9.60000014E+004
 9.65000014E+004
 9.70000014E+004
 9.75000015E+004
 9.80000015E+004
 9.85000015E+004
 9.90000015E+004
 9.95000015E+004
 5.00000007E+003
 1.00000001E+004
 1.50000002E+004
 2.00000003E+004
 2.50000004E+004
 3.00000004E+004
 3.50000005E+004
 4.00000006E+004
 4.50000007E+004
 5.00000007E+004
 5.50000008E+004
 6.00000009E+004
 6.50000010E+004
 7.00000010E+004
 7.50000011E+004
 8.00000012E+004
 8.50000013E+004
 9.00000013E+004
 9.50000014E+004
 1.00000001E+005
 1.05000002E+005
 1.10000002E+005
 1.15000002E+005
 1.20000002E+005
 1.25000002E+005
 1.30000002E+005
 1.35000002E+005
 1.40000002E+005
 1.45000002E+005
 1.50000002E+005
 1.55000002E+005
 1.60000002E+005
 1.65000002E+005
 1.70000003E+005
 1.75000003E+005
 1.80000003E+005
 1.85000003E+005
 1.90000003E+005
 1.95000003E+005
 2.00000003E+005
 2.05000003E+005
 2.10000003E+005
 2.15000003E+005
 2.20000003E+005
 2.25000003E+005
 2.30000003E+005
 2.35000004E+005
 2.40000004E+005
 2.45000004E+005
 2.50000004E+005
 2.55000004E+005
 2.60000004E+005
 2.65000004E+005
 2.70000004E+005
 2.75000004E+005
 2.80000004E+005
 2.85000004E+005
 2.90000004E+005
 2.95000004E+005
 3.00000004E+005
 3.05000005E+005
 3.10000005E+005
 3.15000005E+005
 3.20000005E+005
 3.25000005E+005
 3.30000005E+005
 3.35000005E+005
 3.40000005E+005
 3.45000005E+005
 3.50000005E+005
 3.55000005E+005
 3.60000005E+005
 3.65000005E+005
 3.70000006E+005
 3.75000006E+005
 3.80000006E+005
 3.85000006E+005
 3.90000006E+005
 3.95000006E+005
 4.00000006E+005
 4.05000006E+005
 4.10000006E+005
 4.15000006E+005
 4.20000006E+005
 4.25000006E+005
 4.30000006E+005
 4.35000006E+005
 4.40000007E+005
 4.45000007E+005
 4.50000007E+005
 4.55000007E+005
 4.60000007E+005
 4.65000007E+005
 4.70000007E+005
 4.75000007E+005
 4.80000007E+005
 4.85000007E+005
 4.90000007E+005
 4.95000007E+005
 5.00000007E+005
 5.05000008E+005
 5.10000008E+005
 5.15000008E+005
 5.20000008E+005
 5.25000008E+005
 5.30000008E+005
 5.35000008E+005
 5.40000008E+005
 5.45000008E+005
 5.50000008E+005
 5.55000008E+005
 5.60000008E+005
 5.65000008E+005
 5.70000008E+005
 5.75000009E+005
 5.80000009E+005
 5.85000009E+005
 5.90000009E+005
 5.95000009E+005
 6.00000009E+005
 6.05000009E+005
 6.10000009E+005
 6.15000009E+005
 6.20000009E+005
 6.25000009E+005
 6.30000009E+005
 6.35000009E+005
 6.40000010E+005
 6.45000010E+005
 6.50000010E+005
 6.55000010E+005
 6.60000010E+005
 6.65000010E+005
 6.70000010E+005
 6.75000010E+005
 6.80000010E+005
 6.85000010E+005
 6.90000010E+005
 6.95000010E+005
 7.00000010E+005
 7.05000011E+005
 7.10000011E+005
 7.15000011E+005
 7.20000011E+005
 7.25000011E+005
 7.30000011E+005
 7.35000011E+005
 7.40000011E+005
 7.45000011E+005
 7.50000011E+005
 7.55000011E+005
 7.60000011E+005
 7.65000011E+005
 7.70000011E+005
 7.75000012E+005
 7.80000012E+005
 7.85000012E+005
 7.90000012E+005
 7.95000012E+005
 8.00000012E+005
 8.05000012E+005
 8.10000012E+005
 8.15000012E+005
 8.20000012E+005
 8.25000012E+005
 8.30000012E+005
 8.35000012E+005
 8.40000013E+005
 8.45000013E+005
 8.50000013E+005
 8.55000013E+005
 8.60000013E+005
 8.65000013E+005
 8.70000013E+005
 8.75000013E+005
 8.80000013E+005
 8.85000013E+005
 8.90000013E+005
 8.95000013E+005
 9.00000013E+005
 9.05000013E+005
 9.10000014E+005
 9.15000014E+005
 9.20000014E+005
 9.25000014E+005
 9.30000014E+005
 9.35000014E+005
 9.40000014E+005
 9.45000014E+005
 9.50000014E+005
 9.55000014E+005
 9.60000014E+005
 9.65000014E+005
 9.70000014E+005
 9.75000015E+005
 9.80000015E+005
 9.85000015E+005
 9.90000015E+005
 9.95000015E+005
 5.00000007E+004
 1.00000001E+005
 1.50000002E+005
 2.00000003E+005
 2.50000004E+005
 3.00000004E+005
 3.50000005E+005
 4.00000006E+005
 4.50000007E+005
 5.00000007E+005
 5.50000008E+005
 6.00000009E+005
 6.50000010E+005
 7.00000010E+005
 7.50000011E+005
 8.00000012E+005
 8.50000013E+005
 9.00000013E+005
 9.50000014E+005
 1.00000001E+006
 1.05000002E+006
 1.10000002E+006
 1.15000002E+006
 1.20000002E+006
 1.25000002E+006
 1.30000002E+006
 1.35000002E+006
 1.40000002E+006
 1.45000002E+006
 1.50000002E+006
 1.55000002E+006
 1.60000002E+006
 1.65000002E+006
 1.70000003E+006
 1.75000003E+006
 1.80000003E+006
 1.85000003E+006
 1.90000003E+006
 1.95000003E+006
 2.00000003E+006
 2.05000003E+006
 2.10000003E+006
 2.15000003E+006
 2.20000003E+006
 2.25000003E+006
 2.30000003E+006
 2.35000004E+006
 2.40000004E+006
 2.45000004E+006
 2.50000004E+006
 2.55000004E+006
 2.60000004E+006
 2.65000004E+006
 2.70000004E+006
 2.75000004E+006
 2.80000004E+006
 2.85000004E+006
 2.90000004E+006
 2.95000004E+006
 3.00000004E+006
 3.05000005E+006
 3.10000005E+006
 3.15000005E+006
 3.20000005E+006
 3.25000005E+006
 3.30000005E+006
 3.35000005E+006
 3.40000005E+006
 3.45000005E+006
 3.50000005E+006
 3.55000005E+006
 3.60000005E+006
 3.65000005E+006
 3.70000006E+006
 3.75000006E+006
 3.80000006E+006
 3.85000006E+006
 3.90000006E+006
 3.95000006E+006
 4.00000006E+006
 4.05000006E+006
 4.10000006E+006
 4.15000006E+006
 4.20000006E+006
 4.25000006E+006
 4.30000006E+006
 4.35000006E+006
 4.40000007E+006
 4.45000007E+006
 4.50000007E+006
 4.55000007E+006
 4.60000007E+006
 4.65000007E+006
 4.70000007E+006
 4.75000007E+006
 4.80000007E+006
 4.85000007E+006
 4.90000007E+006
 4.95000007E+006
 5.00000007E+006
 5.05000008E+006
 5.10000008E+006
 5.15000008E+006
 5.20000008E+006
 5.25000008E+006
 5.30000008E+006
 5.35000008E+006
 5.40000008E+006
 5.45000008E+006
 5.50000008E+006
 5.55000008E+006
 5.60000008E+006
 5.65000008E+006
 5.70000008E+006
 5.75000009E+006
 5.80000009E+006
 5.85000009E+006
 5.90000009E+006
 5.95000009E+006
 6.00000009E+006
 6.05000009E+006
 6.10000009E+006
 6.15000009E+006
 6.20000009E+006
 6.25000009E+006
 6.30000009E+006
 6.35000009E+006
 6.40000010E+006
 6.45000010E+006
 6.50000010E+006
 6.55000010E+006
 6.60000010E+006
 6.65000010E+006
 6.70000010E+006
 6.75000010E+006
 6.80000010E+006
 6.85000010E+006
 6.90000010E+006
 6.95000010E+006
 7.00000010E+006
 7.05000011E+006
 7.10000011E+006
 7.15000011E+006
 7.20000011E+006
 7.25000011E+006
 7.30000011E+006
 7.35000011E+006
 7.40000011E+006
 7.45000011E+006
 7.50000011E+006
 7.55000011E+006
 7.60000011E+006
 7.65000011E+006
 7.70000011E+006
 7.75000012E+006
 7.80000012E+006
 7.85000012E+006
 7.90000012E+006
 7.95000012E+006
 8.00000012E+006
 8.05000012E+006
 8.10000012E+006
 8.15000012E+006
 8.20000012E+006
 8.25000012E+006
 8.30000012E+006
 8.35000012E+006
 8.40000013E+006
 8.45000013E+006
 8.50000013E+006
 8.55000013E+006
 8.60000013E+006
 8.65000013E+006
 8.70000013E+006
 8.75000013E+006
 8.80000013E+006
 8.85000013E+006
 8.90000013E+006
 8.95000013E+006
 9.00000013E+006
 9.05000013E+006
 9.10000014E+006
 9.15000014E+006
 9.20000014E+006
 9.25000014E+006
 9.30000014E+006
 9.35000014E+006
 9.40000014E+006
 9.45000014E+006
 9.50000014E+006
 9.55000014E+006
 9.60000014E+006
 9.65000014E+006
 9.70000014E+006
 9.75000015E+006
 9.80000015E+006
 9.85000015E+006
 9.90000015E+006
 9.95000015E+006
 5.00000007E+005
 1.00000001E+006
 1.50000002E+006
 2.00000003E+006
 2.50000004E+006
 3.00000004E+006
 3.50000005E+006
 4.00000006E+006
 4.50000007E+006
 5.00000007E+006
 5.50000008E+006
 6.00000009E+006
 6.50000010E+006
 7.00000010E+006
 7.50000011E+006
 8.00000012E+006
 8.50000013E+006
 9.00000013E+006
 9.50000014E+006
 1.00000001E+007
 1.05000002E+007
 1.10000002E+007
 1.15000002E+007
 1.20000002E+007
 1.25000002E+007
 1.30000002E+007
 1.35000002E+007
 1.40000002E+007
 1.45000002E+007
 1.50000002E+007
 1.55000002E+007
 1.60000002E+007
 1.65000002E+007
 1.70000003E+007
 1.75000003E+007
 1.80000003E+007
 1.85000003E+007
 1.90000003E+007
 1.95000003E+007
 2.00000003E+007
 2.05000003E+007
 2.10000003E+007
 2.15000003E+007
 2.20000003E+007
 2.25000003E+007
 2.30000003E+007
 2.35000004E+007
 2.40000004E+007
 2.45000004E+007
 2.50000004E+007
 2.55000004E+007
 2.60000004E+007
 2.65000004E+007
 2.70000004E+007
 2.75000004E+007
 2.80000004E+007
 2.85000004E+007
 2.90000004E+007
 2.95000004E+007
 3.00000004E+007
 3.05000005E+007
 3.10000005E+007
 3.15000005E+007
 3.20000005E+007
 3.25000005E+007
 3.30000005E+007
 3.35000005E+007
 3.40000005E+007
 3.45000005E+007
 3.50000005E+007
 3.55000005E+007
 3.60000005E+007
 3.65000005E+007
 3.70000006E+007
 3.75000006E+007
 3.80000006E+007
 3.85000006E+007
 3.90000006E+007
 3.95000006E+007
 4.00000006E+007
 4.05000006E+007
 4.10000006E+007
 4.15000006E+007
 4.20000006E+007
 4.25000006E+007
 4.30000006E+007
 4.35000006E+007
 4.40000007E+007
 4.45000007E+007
 4.50000007E+007
 4.55000007E+007
 4.60000007E+007
 4.65000007E+007
 4.70000007E+007
 4.75000007E+007
 4.80000007E+007
 4.85000007E+007
 4.90000007E+007
 4.95000007E+007
 5.00000007E+007
 5.05000008E+007
 5.10000008E+007
 5.15000008E+007
 5.20000008E+007
 5.25000008E+007
 5.30000008E+007
 5.35000008E+007
 5.40000008E+007
 5.45000008E+007
 5.50000008E+007
 5.55000008E+007
 5.60000008E+007
 5.65000008E+007
 5.70000008E+007
 5.75000009E+007
 5.80000009E+007
 5.85000009E+007
 5.90000009E+007
 5.95000009E+007
 6.00000009E+007
 6.05000009E+007
 6.10000009E+007
 6.15000009E+007
 6.20000009E+007
 6.25000009E+007
 6.30000009E+007
 6.35000009E+007
 6.40000010E+007
 6.45000010E+007
 6.50000010E+007
 6.55000010E+007
 6.60000010E+007
 6.65000010E+007
 6.70000010E+007
 6.75000010E+007
 6.80000010E+007
 6.85000010E+007
 6.90000010E+007
 6.95000010E+007
 7.00000010E+007
 7.05000011E+007
 7.10000011E+007
 7.15000011E+007
 7.20000011E+007
 7.25000011E+007
 7.30000011E+007
 7.35000011E+007
 7.40000011E+007
 7.45000011E+007
 7.50000011E+007
 7.55000011E+007
 7.60000011E+007
 7.65000011E+007
 7.70000011E+007
 7.75000012E+007
 7.80000012E+007
 7.85000012E+007
 7.90000012E+007
 7.95000012E+007
 8.00000012E+007
 8.05000012E+007
 8.10000012E+007
 8.15000012E+007
 8.20000012E+007
 8.25000012E+007
 8.30000012E+007
 8.35000012E+007
 8.40000013E+007
 8.45000013E+007
 8.50000013E+007
 8.55000013E+007
 8.60000013E+007
 8.65000013E+007
 8.70000013E+007
 8.75000013E+007
 8.80000013E+007
 8.85000013E+007
 8.90000013E+007
 8.95000013E+007
 9.00000013E+007
 9.05000013E+007
 9.10000014E+007
 9.15000014E+007
 9.20000014E+007
 9.25000014E+007
 9.30000014E+007
 9.35000014E+007
 9.40000014E+007
 9.45000014E+007
 9.50000014E+007
 9.55000014E+007
 9.60000014E+007
 9.65000014E+007
 9.70000014E+007
 9.75000015E+007
 9.80000015E+007
 9.85000015E+007
 9.90000015E+007
 9.95000015E+007
 5.00000007E+006
 1.00000001E+007
 1.50000002E+007
 2.00000003E+007
 2.50000004E+007
 3.00000004E+007
 3.50000005E+007
 4.00000006E+007
 4.50000007E+007
 5.00000007E+007
 5.50000008E+007
 6.00000009E+007
 6.50000010E+007
 7.00000010E+007
 7.50000011E+007
 8.00000012E+007
 8.50000013E+007
 9.00000013E+007
 9.50000014E+007
 1.00000001E+008
 1.05000002E+008
 1.10000002E+008
 1.15000002E+008
 1.20000002E+008
 1.25000002E+008
 1.30000002E+008
 1.35000002E+008
 1.40000002E+008
 1.45000002E+008
 1.50000002E+008
 1.55000002E+008
 1.60000002E+008
 1.65000002E+008
 1.70000003E+008
 1.75000003E+008
 1.80000003E+008
 1.85000003E+008
 1.90000003E+008
 1.95000003E+008
 2.00000003E+008
 2.05000003E+008
 2.10000003E+008
 2.15000003E+008
 2.20000003E+008
 2.25000003E+008
 2.30000003E+008
 2.35000004E+008
 2.40000004E+008
 2.45000004E+008
 2.50000004E+008
 2.55000004E+008
 2.60000004E+008
 2.65000004E+008
 2.70000004E+008
 2.75000004E+008
 2.80000004E+008
 2.85000004E+008
 2.90000004E+008
 2.95000004E+008
 3.00000004E+008
 3.05000005E+008
 3.10000005E+008
 3.15000005E+008
 3.20000005E+008
 3.25000005E+008
 3.30000005E+008
 3.35000005E+008
 3.40000005E+008
 3.45000005E+008
 3.50000005E+008
 3.55000005E+008
 3.60000005E+008
 3.65000005E+008
 3.70000006E+008
 3.75000006E+008
 3.80000006E+008
 3.85000006E+008
 3.90000006E+008
 3.95000006E+008
 4.00000006E+008
 4.05000006E+008
 4.10000006E+008
 4.15000006E+008
 4.20000006E+008
 4.25000006E+008
 4.30000006E+008
 4.35000006E+008
 4.40000007E+008
 4.45000007E+008
 4.50000007E+008
 4.55000007E+008
 4.60000007E+008
 4.65000007E+008
 4.70000007E+008
 4.75000007E+008
 4.80000007E+008
 4.85000007E+008
 4.90000007E+008
 4.95000007E+008
 5.00000007E+008
 5.05000008E+008
 5.10000008E+008
 5.15000008E+008
 5.20000008E+008
 5.25000008E+008
 5.30000008E+008
 5.35000008E+008
 5.40000008E+008
 5.45000008E+008
 5.50000008E+008
 5.55000008E+008
 5.60000008E+008
 5.65000008E+008
 5.70000008E+008
 5.75000009E+008
 5.80000009E+008
 5.85000009E+008
 5.90000009E+008
 5.95000009E+008
 6.00000009E+008
 6.05000009E+008
 6.10000009E+008
 6.15000009E+008
 6.20000009E+008
 6.25000009E+008
 6.30000009E+008
 6.35000009E+008
 6.40000010E+008
 6.45000010E+008
 6.50000010E+008
 6.55000010E+008
 6.60000010E+008
 6.65000010E+008
 6.70000010E+008
 6.75000010E+008
 6.80000010E+008
 6.85000010E+008
 6.90000010E+008
 6.95000010E+008
 7.00000010E+008
 7.05000011E+008
 7.10000011E+008
 7.15000011E+008
 7.20000011E+008
 7.25000011E+008
 7.30000011E+008
 7.35000011E+008
 7.40000011E+008
 7.45000011E+008
 7.50000011E+008
 7.55000011E+008
 7.60000011E+008
 7.65000011E+008
 7.70000011E+008
 7.75000012E+008
 7.80000012E+008
 7.85000012E+008
 7.90000012E+008
 7.95000012E+008
 8.00000012E+008
 8.05000012E+008
 8.10000012E+008
 8.15000012E+008
 8.20000012E+008
 8.25000012E+008
 8.30000012E+008
 8.35000012E+008
 8.40000013E+008
 8.45000013E+008
 8.50000013E+008
 8.55000013E+008
 8.60000013E+008
 8.65000013E+008
 8.70000013E+008
 8.75000013E+008
 8.80000013E+008
 8.85000013E+008
 8.90000013E+008
 8.95000013E+008
 9.00000013E+008
 9.05000013E+008
 9.10000014E+008
 9.15000014E+008
 9.20000014E+008
 9.25000014E+008
 9.30000014E+008
 9.35000014E+008
 9.40000014E+008
 9.45000014E+008
 9.50000014E+008
 9.55000014E+008
 9.60000014E+008
 9.65000014E+008
 9.70000014E+008
 9.75000015E+008
 9.80000015E+008
 9.85000015E+008
 9.90000015E+008
 9.95000015E+008
 1.00000000E+008
