#            Wabs           rho_11           rho_22              abs
  1.00000000E-015  9.99927983E-001  5.17234186E-006  6.68455349E-005
  1.12201846E-015  9.99919827E-001  5.17232077E-006  7.50016180E-005
  1.25892542E-015  9.99910676E-001  5.17229710E-006  8.41528146E-005
  1.41253756E-015  9.99900408E-001  5.17227055E-006  9.44205271E-005
  1.58489320E-015  9.99888888E-001  5.17224076E-006  1.05940963E-004
  1.77827941E-015  9.99875962E-001  5.17220733E-006  1.18866946E-004
  1.99526237E-015  9.99861459E-001  5.17216982E-006  1.33369944E-004
  2.23872111E-015  9.99845187E-001  5.17212774E-006  1.49642314E-004
  2.51188647E-015  9.99826930E-001  5.17208052E-006  1.67899910E-004
  2.81838285E-015  9.99806445E-001  5.17202755E-006  1.88384860E-004
  3.16227766E-015  9.99783461E-001  5.17196811E-006  2.11368866E-004
  3.54813399E-015  9.99757674E-001  5.17190143E-006  2.37156716E-004
  3.98107192E-015  9.99728740E-001  5.17182660E-006  2.66090369E-004
  4.46683568E-015  9.99696278E-001  5.17174266E-006  2.98553424E-004
  5.01187220E-015  9.99659855E-001  5.17164847E-006  3.34976359E-004
  5.62341325E-015  9.99618990E-001  5.17154280E-006  3.75841985E-004
  6.30957362E-015  9.99573141E-001  5.17142424E-006  4.21691984E-004
  7.07945823E-015  9.99521699E-001  5.17129123E-006  4.73134026E-004
  7.94328191E-015  9.99463984E-001  5.17114200E-006  5.30849725E-004
  8.91250914E-015  9.99399231E-001  5.17097457E-006  5.95603911E-004
  1.00000000E-014  9.99326582E-001  5.17078673E-006  6.68254310E-004
  1.12201833E-014  9.99245074E-001  5.17057600E-006  7.49763011E-004
  1.25892548E-014  9.99153628E-001  5.17033958E-006  8.41209584E-004
  1.41253747E-014  9.99051035E-001  5.17007436E-006  9.43804122E-004
  1.58489337E-014  9.98935936E-001  5.16977682E-006  1.05890482E-003
  1.77827941E-014  9.98806809E-001  5.16944303E-006  1.18803384E-003
  1.99526210E-014  9.98661945E-001  5.16906860E-006  1.33289910E-003
  2.23872126E-014  9.98499430E-001  5.16864857E-006  1.49541597E-003
  2.51188629E-014  9.98317118E-001  5.16817740E-006  1.67773098E-003
  2.81838324E-014  9.98112599E-001  5.16764890E-006  1.88225266E-003
  3.16227766E-014  9.97883175E-001  5.16705610E-006  2.11167933E-003
  3.54813350E-014  9.97625820E-001  5.16639121E-006  2.36903748E-003
  3.98107192E-014  9.97337141E-001  5.16564548E-006  2.65771976E-003
  4.46683568E-014  9.97013339E-001  5.16480914E-006  2.98152640E-003
  5.01187289E-014  9.96650150E-001  5.16387123E-006  3.34471914E-003
  5.62341325E-014  9.96242805E-001  5.16281948E-006  3.75206964E-003
  6.30957275E-014  9.95785954E-001  5.16164014E-006  4.20892617E-003
  7.07945823E-014  9.95273607E-001  5.16031785E-006  4.72127945E-003
  7.94328191E-014  9.94699060E-001  5.15883540E-006  5.29583412E-003
  8.91251036E-014  9.94054800E-001  5.15717357E-006  5.94010177E-003
  1.00000000E-013  9.93332428E-001  5.15531085E-006  6.66248350E-003
  1.12201833E-013  9.92522537E-001  5.15322322E-006  7.47238412E-003
  1.25892514E-013  9.91614611E-001  5.15088384E-006  8.38032137E-003
  1.41253785E-013  9.90596885E-001  5.14826275E-006  9.39806002E-003
  1.58489337E-013  9.89456227E-001  5.14532658E-006  1.05387329E-002
  1.77827941E-013  9.88177951E-001  5.14203806E-006  1.18170251E-002
  1.99526210E-013  9.86745667E-001  5.13835574E-006  1.32493266E-002
  2.23872065E-013  9.85141090E-001  5.13423348E-006  1.48539238E-002
  2.51188698E-013  9.83343822E-001  5.12961997E-006  1.66512143E-002
  2.81838324E-013  9.81331166E-001  5.12445835E-006  1.86638948E-002
  3.16227766E-013  9.79077834E-001  5.11868549E-006  2.09172556E-002
  3.54813350E-013  9.76555712E-001  5.11223155E-006  2.34394085E-002
  3.98107083E-013  9.73733579E-001  5.10501938E-006  2.62615765E-002
  4.46683690E-013  9.70576787E-001  5.09696388E-006  2.94184084E-002
  5.01187289E-013  9.67047005E-001  5.08797156E-006  3.29482338E-002
  5.62341325E-013  9.63101805E-001  5.07793974E-006  3.68934824E-002
  6.30957275E-013  9.58694376E-001  5.06675621E-006  4.13009658E-002
  7.07945629E-013  9.53773167E-001  5.05429866E-006  4.62222355E-002
  7.94328409E-013  9.48281520E-001  5.04043435E-006  5.17139504E-002
  8.91251036E-013  9.42157452E-001  5.02502015E-006  5.78380931E-002
  1.00000000E-012  9.35333206E-001  5.00790224E-006  6.46624223E-002
  1.12201833E-012  9.27735104E-001  4.98891669E-006  7.22606165E-002
  1.25892514E-012  9.19283349E-001  4.96789020E-006  8.07124736E-002
  1.41253785E-012  9.09891906E-001  4.94464130E-006  9.01040298E-002
  1.58489337E-012  8.99468751E-001  4.91898276E-006  1.00527309E-001
  1.77827941E-012  8.87915859E-001  4.89072378E-006  1.12080339E-001
  1.99526210E-012  8.75129860E-001  4.85967429E-006  1.24866489E-001
  2.23872065E-012  8.61002793E-001  4.82565006E-006  1.38993720E-001
  2.51188698E-012  8.45423198E-001  4.78847914E-006  1.54573497E-001
  2.81838324E-012  8.28278038E-001  4.74801119E-006  1.71718853E-001
  3.16227766E-012  8.09454444E-001  4.70412695E-006  1.90542660E-001
  3.54813350E-012  7.88842823E-001  4.65675198E-006  2.11154511E-001
  3.98107083E-012  7.66340372E-001  4.60587200E-006  2.33657211E-001
  4.46683690E-012  7.41855362E-001  4.55155101E-006  2.58142485E-001
  5.01187289E-012  7.15312951E-001  4.49395334E-006  2.84685177E-001
  5.62341325E-012  6.86660748E-001  4.43336579E-006  3.13337677E-001
  6.30957275E-012  6.55876485E-001  4.37022418E-006  3.44122249E-001
  7.07945629E-012  6.22975942E-001  4.30513978E-006  3.77023113E-001
  7.94328409E-012  5.88021439E-001  4.23892517E-006  4.11977944E-001
  8.91251036E-012  5.51131439E-001  4.17261885E-006  4.48868276E-001
  1.00000000E-011  5.12488194E-001  4.10750101E-006  4.87511851E-001
  1.12201895E-011  4.72345836E-001  4.04510230E-006  5.27654531E-001
  1.25892514E-011  4.31036802E-001  3.98719833E-006  5.68963872E-001
  1.41253785E-011  3.88972132E-001  3.93577975E-006  6.11028827E-001
  1.58489250E-011  3.46642331E-001  3.89300391E-006  6.53358882E-001
  1.77827941E-011  3.04606220E-001  3.86110775E-006  6.95395211E-001
  1.99526319E-011  2.63478673E-001  3.84229329E-006  7.36522929E-001
  2.23872065E-011  2.23906413E-001  3.83857360E-006  7.76095310E-001
  2.51188698E-011  1.86536038E-001  3.85159103E-006  8.13465750E-001
  2.81838169E-011  1.51978918E-001  3.88241585E-006  8.48022879E-001
  3.16227766E-011  1.20766351E-001  3.93134634E-006  8.79235399E-001
  3.54813545E-011  9.33096546E-002  3.99773319E-006  9.06691997E-001
  3.98107083E-011  6.98618596E-002  4.07986581E-006  9.30139651E-001
  4.46683690E-011  5.04912946E-002  4.17495620E-006  9.49510042E-001
  5.01187014E-011  3.50741545E-002  4.27923753E-006  9.64926990E-001
  5.62341325E-011  2.33050370E-002  4.38821387E-006  9.76695908E-001
  6.30957622E-011  1.47316079E-002  4.49702513E-006  9.85269144E-001
  7.07945629E-011  8.80537257E-003  4.60091279E-006  9.91195203E-001
  7.94328409E-011  4.94280348E-003  4.69571049E-006  9.95057620E-001
  8.91250547E-011  2.58586358E-003  4.77826607E-006  9.97414435E-001
  1.00000000E-010  1.24999466E-003  4.84673586E-006  9.98750206E-001
  1.12201895E-010  5.52967130E-004  4.90066638E-006  9.99447162E-001
  1.25892514E-010  2.21458685E-004  4.94087012E-006  9.99778621E-001
  1.41253785E-010  7.93282481E-005  4.96911943E-006  9.99920718E-001
  1.58489250E-010  2.50750820E-005  4.98773483E-006  9.99974950E-001
  1.77827941E-010  6.88964493E-006  4.99916961E-006  9.99993124E-001
  1.99526319E-010  1.61854453E-006  5.00566691E-006  9.99998388E-001
  2.23872065E-010  3.19480618E-007  5.00904683E-006  9.99999683E-001
  2.51188698E-010  5.21338472E-008  5.01063065E-006  9.99999949E-001
  2.81838169E-010  6.99530187E-009  5.01127675E-006  9.99999993E-001
  3.16227766E-010  8.10643575E-010  5.01148197E-006  9.99999999E-001
  3.54813545E-010  1.09793317E-010  5.01150026E-006  1.00000000E+000
  3.98107083E-010  3.60474390E-011  5.01144471E-006  1.00000000E+000
  4.46683690E-010  2.68364941E-011  5.01135818E-006  1.00000000E+000
  5.01187014E-010  2.53809178E-011  5.01125359E-006  1.00000000E+000
  5.62341325E-010  2.51503367E-011  5.01113299E-006  1.00000000E+000
  6.30957622E-010  2.51190542E-011  5.01099497E-006  1.00000000E+000
  7.07945629E-010  2.51149567E-011  5.01083696E-006  1.00000000E+000
  7.94328409E-010  2.51136199E-011  5.01065574E-006  1.00000000E+000
  8.91250547E-010  2.51123335E-011  5.01044746E-006  1.00000000E+000
  1.00000000E-009  2.51108429E-011  5.01020754E-006  1.00000000E+000
  1.12201895E-009  2.51090924E-011  5.00993052E-006  1.00000000E+000
  1.25892514E-009  2.51070294E-011  5.00960984E-006  1.00000000E+000
  1.41253785E-009  2.51045903E-011  5.00923762E-006  1.00000000E+000
  1.58489250E-009  2.51016969E-011  5.00880438E-006  1.00000000E+000
  1.77827941E-009  2.50982534E-011  5.00829862E-006  1.00000000E+000
  1.99526319E-009  2.50941417E-011  5.00770645E-006  1.00000000E+000
  2.23872065E-009  2.50892165E-011  5.00701093E-006  1.00000000E+000
  2.51188698E-009  2.50832979E-011  5.00619143E-006  1.00000000E+000
  2.81838169E-009  2.50761638E-011  5.00522277E-006  1.00000000E+000
  3.16227766E-009  2.50675387E-011  5.00407405E-006  1.00000000E+000
  3.54813545E-009  2.50570816E-011  5.00270742E-006  1.00000000E+000
  3.98107083E-009  2.50443688E-011  5.00107633E-006  1.00000000E+000
  4.46683690E-009  2.50288741E-011  4.99912342E-006  1.00000000E+000
  5.01187014E-009  2.50099441E-011  4.99677804E-006  1.00000000E+000
  5.62341325E-009  2.49867659E-011  4.99395288E-006  1.00000000E+000
  6.30957622E-009  2.49583299E-011  4.99054015E-006  1.00000000E+000
  7.07945629E-009  2.49233817E-011  4.98640658E-006  1.00000000E+000
  7.94328409E-009  2.48803629E-011  4.98138724E-006  1.00000000E+000
  8.91250547E-009  2.48273421E-011  4.97527836E-006  1.00000000E+000
  1.00000000E-008  2.47619259E-011  4.96782786E-006  1.00000000E+000
  1.12201895E-008  2.46811590E-011  4.95872462E-006  1.00000000E+000
  1.25892514E-008  2.45814021E-011  4.94758513E-006  1.00000000E+000
  1.41253785E-008  2.44581877E-011  4.93393722E-006  1.00000000E+000
  1.58489250E-008  2.43060690E-011  4.91720233E-006  1.00000000E+000
  1.77827941E-008  2.41184391E-011  4.89667319E-006  1.00000000E+000
  1.99526319E-008  2.38873667E-011  4.87149110E-006  1.00000000E+000
  2.23872065E-008  2.36034357E-011  4.84062046E-006  1.00000000E+000
  2.51188698E-008  2.32556250E-011  4.80282249E-006  1.00000000E+000
  2.81838169E-008  2.28313136E-011  4.75663541E-006  1.00000000E+000
  3.16227766E-008  2.23164030E-011  4.70035734E-006  1.00000000E+000
  3.54813545E-008  2.16957491E-011  4.63204964E-006  1.00000000E+000
  3.98107083E-008  2.09539289E-011  4.54956113E-006  1.00000000E+000
  4.46683690E-008  2.00764739E-011  4.45058666E-006  1.00000000E+000
  5.01187014E-008  1.90517544E-011  4.33278461E-006  1.00000000E+000
  5.62341325E-008  1.78733173E-011  4.19394322E-006  1.00000000E+000
  6.30957622E-008  1.65427650E-011  4.03223083E-006  1.00000000E+000
  7.07945629E-008  1.50725456E-011  3.84649826E-006  1.00000000E+000
  7.94328409E-008  1.34880295E-011  3.63661187E-006  1.00000000E+000
  8.91250547E-008  1.18281643E-011  3.40378736E-006  1.00000000E+000
  1.00000000E-007  1.01435205E-011  3.15079994E-006  1.00000000E+000
  1.12201895E-007  8.49181487E-012  2.88204766E-006  1.00000000E+000
  1.25892652E-007  6.93099640E-012  2.60334983E-006  1.00000000E+000
  1.41253630E-007  5.51158648E-012  2.32150925E-006  1.00000000E+000
  1.58489250E-007  4.26999370E-012  2.04365188E-006  1.00000000E+000
  1.77827941E-007  3.22496793E-012  1.77654848E-006  1.00000000E+000
  1.99526319E-007  2.37743289E-012  1.52595594E-006  1.00000000E+000
  2.23872310E-007  1.71365530E-012  1.29618103E-006  1.00000000E+000
  2.51188423E-007  1.21023039E-012  1.08989718E-006  1.00000000E+000
  2.81838169E-007  8.39285760E-013  9.08185256E-007  1.00000000E+000
  3.16227766E-007  5.72853984E-013  7.50792292E-007  1.00000000E+000
  3.54813545E-007  3.85684556E-013  6.16444423E-007  1.00000000E+000
  3.98107520E-007  2.56667889E-013  5.03197303E-007  1.00000000E+000
  4.46683200E-007  1.69151421E-013  4.08747136E-007  1.00000000E+000
  5.01187014E-007  1.10573710E-013  3.30668866E-007  1.00000000E+000
  5.62341325E-007  7.17993673E-014  2.66601168E-007  1.00000000E+000
  6.30957622E-007  4.63667098E-014  2.14349284E-007  1.00000000E+000
  7.07946406E-007  2.98091007E-014  1.71946349E-007  1.00000000E+000
  7.94327537E-007  1.90949033E-014  1.37676432E-007  1.00000000E+000
  8.91250547E-007  1.21956661E-014  1.10070104E-007  1.00000000E+000
  1.00000000E-006  7.77074867E-015  8.78917448E-008  1.00000000E+000
