     1.1220190E-14     9.9915848E-01     9.2422496E-05     7.4976683E-04
     1.2589265E-14     9.9906713E-01     9.2418285E-05     8.4120035E-04
     1.4125363E-14     9.9896464E-01     9.2413563E-05     9.4377995E-04
     1.5848925E-14     9.9884966E-01     9.2408268E-05     1.0588765E-03
     1.7782794E-14     9.9872066E-01     9.2402332E-05     1.1880398E-03
     1.9952632E-14     9.9857595E-01     9.2395676E-05     1.3328791E-03
     2.2387232E-14     9.9841360E-01     9.2388215E-05     1.4954209E-03
     2.5118842E-14     9.9823148E-01     9.2379853E-05     1.6777515E-03
     2.8183817E-14     9.9802717E-01     9.2370480E-05     1.8822551E-03
     3.1622776E-14     9.9779798E-01     9.2359978E-05     2.1116734E-03
     3.5481353E-14     9.9754089E-01     9.2348211E-05     2.3690462E-03
     3.9810752E-14     9.9725251E-01     9.2335030E-05     2.6577115E-03
     4.4668320E-14     9.9692905E-01     9.2320269E-05     2.9815435E-03
     5.0118702E-14     9.9656623E-01     9.2303739E-05     3.3447146E-03
     5.6234131E-14     9.9615930E-01     9.2285236E-05     3.7520528E-03
     6.3095762E-14     9.9570292E-01     9.2264528E-05     4.2089224E-03
     7.0794641E-14     9.9519110E-01     9.2241362E-05     4.7212839E-03
     7.9432751E-14     9.9461715E-01     9.2215455E-05     5.2958131E-03
     8.9125057E-14     9.9397355E-01     9.2186494E-05     5.9400797E-03
     9.9999998E-14     9.9325192E-01     9.2154133E-05     6.6624880E-03
     1.1220189E-13     9.9244286E-01     9.2117994E-05     7.4723959E-03
     1.2589265E-13     9.9153586E-01     9.2077659E-05     8.3803535E-03
     1.4125363E-13     9.9051920E-01     9.2032671E-05     9.3980432E-03
     1.5848926E-13     9.8937971E-01     9.1982531E-05     1.0538757E-02
     1.7782794E-13     9.8810273E-01     9.1926696E-05     1.1817038E-02
     1.9952632E-13     9.8667191E-01     9.1864582E-05     1.3249338E-02
     2.2387231E-13     9.8506896E-01     9.1795558E-05     1.4853954E-02
     2.5118842E-13     9.8327357E-01     9.1718954E-05     1.6651213E-02
     2.8183817E-13     9.8126296E-01     9.1634057E-05     1.8663883E-02
     3.1622776E-13     9.7901191E-01     9.1540126E-05     2.0917237E-02
     3.5481354E-13     9.7649234E-01     9.1436398E-05     2.3439407E-02
     3.9810752E-13     9.7367305E-01     9.1322098E-05     2.6261628E-02
     4.4668319E-13     9.7051952E-01     9.1196469E-05     2.9418349E-02
     5.0118704E-13     9.6699328E-01     9.1058786E-05     3.2948196E-02
     5.6234135E-13     9.6305204E-01     9.0908406E-05     3.6893487E-02
     6.3095763E-13     9.5864902E-01     9.0744814E-05     4.1301012E-02
     7.0794640E-13     9.5373271E-01     9.0567685E-05     4.6222270E-02
     7.9432755E-13     9.4824663E-01     9.0376973E-05     5.1713884E-02
     8.9125056E-13     9.4212862E-01     9.0173010E-05     5.7838082E-02
     1.0000000E-12     9.3531108E-01     8.9956659E-05     6.4662397E-02
     1.1220189E-12     9.2772040E-01     8.9729482E-05     7.2260678E-02
     1.2589266E-12     9.1927683E-01     8.9493958E-05     8.0712557E-02
     1.4125363E-12     9.0989466E-01     8.9253767E-05     9.0103924E-02
     1.5848925E-12     8.9948148E-01     8.9014113E-05     1.0052723E-01
     1.7782795E-12     8.8793953E-01     8.8782165E-05     1.1208034E-01
     1.9952631E-12     8.7516549E-01     8.8567559E-05     1.2486655E-01
     2.2387231E-12     8.6105147E-01     8.8383012E-05     1.3899386E-01
     2.5118841E-12     8.4548648E-01     8.8245073E-05     1.5457332E-01
     2.8183816E-12     8.2835674E-01     8.8174985E-05     1.7171878E-01
     3.1622777E-12     8.0954973E-01     8.8199736E-05     1.9054264E-01
     3.5481355E-12     7.8895591E-01     8.8353231E-05     2.1115464E-01
     3.9810750E-12     7.6647243E-01     8.8677640E-05     2.3365742E-01
     4.4668319E-12     7.4200810E-01     8.9224877E-05     2.5814223E-01
     5.0118703E-12     7.1548676E-01     9.0058256E-05     2.8468508E-01
     5.6234132E-12     6.8685650E-01     9.1254086E-05     3.1333768E-01
     6.3095761E-12     6.5609473E-01     9.2903354E-05     3.4412241E-01
     7.0794642E-12     6.2321700E-01     9.5113164E-05     3.7702346E-01
     7.9432754E-12     5.8828608E-01     9.8007783E-05     4.1197759E-01
     8.9125053E-12     5.5141838E-01     1.0172933E-04     4.4886810E-01
     1.0000000E-11     5.1279635E-01     1.0643699E-04     4.8751187E-01
     1.1220190E-11     4.7267367E-01     1.1230531E-04     5.2765453E-01
     1.2589266E-11     4.3138156E-01     1.1952049E-04     5.6896424E-01
     1.4125363E-11     3.8933195E-01     1.2827408E-04     6.1102843E-01
     1.5848925E-11     3.4701215E-01     1.3875489E-04     6.5335888E-01
     1.7782794E-11     3.0498184E-01     1.5113583E-04     6.9539523E-01
     1.9952632E-11     2.6385488E-01     1.6555927E-04     7.3652291E-01
     2.2387231E-11     2.2427717E-01     1.8211834E-04     7.7609563E-01
     2.5118843E-11     1.8689639E-01     2.0083625E-04     8.1346542E-01
     2.8183816E-11     1.5232195E-01     2.2164624E-04     8.4802288E-01
     3.1622777E-11     1.2108673E-01     2.4437072E-04     8.7923539E-01
     3.5481354E-11     9.3602497E-02     2.6870829E-04     9.0669197E-01
     3.9810752E-11     7.0123081E-02     2.9422847E-04     9.3013984E-01
     4.4668321E-11     5.0718924E-02     3.2037877E-04     9.4950986E-01
     5.0118701E-11     3.5266684E-02     3.4651020E-04     9.6492696E-01
     5.6234132E-11     2.3463206E-02     3.7191405E-04     9.7669590E-01
     6.3095765E-11     1.4857441E-02     3.9587925E-04     9.8526913E-01
     7.0794641E-11     8.9020707E-03     4.1775480E-04     9.9119526E-01
     7.9432752E-11     5.0145536E-03     4.3701481E-04     9.9505758E-01
     8.9125055E-11     2.6370130E-03     4.5331321E-04     9.9741441E-01
     1.0000000E-10     1.2850057E-03     4.6651432E-04     9.9875021E-01
     1.1220189E-10     5.7591228E-04     4.7669800E-04     9.9944717E-01
     1.2589266E-10     2.3581653E-04     4.8413283E-04     9.9977863E-01
     1.4125363E-10     8.7892861E-05     4.8922394E-04     9.9992073E-01
     1.5848925E-10     2.9939305E-05     4.9244574E-04     9.9997497E-01
     1.7782795E-10     9.5338307E-06     4.9427579E-04     9.9999315E-01
     1.9952633E-10     3.0193580E-06     4.9513956E-04     9.9999839E-01
     2.2387231E-10     1.0762257E-06     4.9537630E-04     9.9999970E-01
     2.5118843E-10     5.0357689E-07     4.9522873E-04     9.9999994E-01
     2.8183816E-10     3.2751838E-07     4.9485236E-04     1.0000000E+00
     3.1622777E-10     2.7113800E-07     4.9433352E-04     1.0000000E+00
     3.5481354E-10     2.5336071E-07     4.9371264E-04     1.0000000E+00
     3.9810752E-10     2.4806236E-07     4.9300317E-04     1.0000000E+00
     4.4668319E-10     2.4645046E-07     4.9220347E-04     1.0000000E+00
     5.0118704E-10     2.4575238E-07     4.9130674E-04     1.0000000E+00
     5.6234134E-10     2.4520744E-07     4.9030242E-04     1.0000000E+00
     6.3095762E-10     2.4463803E-07     4.8917721E-04     1.0000000E+00
     7.0794642E-10     2.4400598E-07     4.8791722E-04     1.0000000E+00
     7.9432755E-10     2.4329942E-07     4.8650798E-04     1.0000000E+00
     8.9125057E-10     2.4250808E-07     4.8493005E-04     1.0000000E+00
     9.9999997E-10     2.4162372E-07     4.8316701E-04     1.0000000E+00
     1.1220189E-09     2.4063426E-07     4.8119540E-04     1.0000000E+00
     1.2589265E-09     2.3952792E-07     4.7899186E-04     1.0000000E+00
     1.4125363E-09     2.3829013E-07     4.7652741E-04     1.0000000E+00
     1.5848926E-09     2.3690906E-07     4.7377921E-04     1.0000000E+00
     1.7782794E-09     2.3536754E-07     4.7071311E-04     1.0000000E+00
     1.9952633E-09     2.3364662E-07     4.6729283E-04     1.0000000E+00
     2.2387232E-09     2.3172924E-07     4.6348461E-04     1.0000000E+00
     2.5118843E-09     2.2959392E-07     4.5924665E-04     1.0000000E+00
     2.8183818E-09     2.2721492E-07     4.5452940E-04     1.0000000E+00
     3.1622776E-09     2.2457009E-07     4.4928959E-04     1.0000000E+00
     3.5481353E-09     2.2163498E-07     4.4348113E-04     1.0000000E+00
     3.9810750E-09     2.1838159E-07     4.3705023E-04     1.0000000E+00
     4.4668318E-09     2.1477925E-07     4.2993857E-04     1.0000000E+00
     5.0118700E-09     2.1079513E-07     4.2208380E-04     1.0000000E+00
     5.6234133E-09     2.0640661E-07     4.1344518E-04     1.0000000E+00
     6.3095764E-09     2.0156835E-07     4.0393709E-04     1.0000000E+00
     7.0794641E-09     1.9626681E-07     3.9353713E-04     1.0000000E+00
     7.9432754E-09     1.9046242E-07     3.8217260E-04     1.0000000E+00
     8.9125054E-09     1.8413172E-07     3.6980322E-04     1.0000000E+00
     9.9999999E-09     1.7724874E-07     3.5638389E-04     1.0000000E+00
     1.1220189E-08     1.6981610E-07     3.4192709E-04     1.0000000E+00
     1.2589251E-08     1.6182051E-07     3.2641250E-04     1.0000000E+00
     1.4125378E-08     1.5325688E-07     3.0983586E-04     1.0000000E+00
     1.5848926E-08     1.4416830E-07     2.9228741E-04     1.0000000E+00
     1.7782794E-08     1.3459402E-07     2.7384696E-04     1.0000000E+00
     1.9952632E-08     1.2458324E-07     2.5460983E-04     1.0000000E+00
     2.2387207E-08     1.1424838E-07     2.3479419E-04     1.0000000E+00
     2.5118871E-08     1.0368098E-07     2.1456874E-04     1.0000000E+00
     2.8183816E-08     9.3027424E-08     1.9420623E-04     1.0000000E+00
     3.1622776E-08     8.2432729E-08     1.7396834E-04     1.0000000E+00
     3.5481353E-08     7.2087768E-08     1.5420574E-04     1.0000000E+00
     3.9810708E-08     6.2166969E-08     1.3523090E-04     1.0000000E+00
     4.4668369E-08     5.2843891E-08     1.1735547E-04     1.0000000E+00
     5.0118700E-08     4.4277029E-08     1.0086709E-04     1.0000000E+00
     5.6234132E-08     3.6569846E-08     8.5947538E-05     1.0000000E+00
     6.3095762E-08     2.9817601E-08     7.2786451E-05     1.0000000E+00
     7.0794563E-08     2.4038216E-08     6.1427526E-05     1.0000000E+00
     7.9432844E-08     1.9204694E-08     5.1841082E-05     1.0000000E+00
     8.9125052E-08     1.5238637E-08     4.3897691E-05     1.0000000E+00
     1.0000000E-07     1.2052078E-08     3.7469232E-05     1.0000000E+00
     1.1220190E-07     9.5285949E-09     3.2362401E-05     1.0000000E+00
     1.2589265E-07     7.5477195E-09     2.8365917E-05     1.0000000E+00
     1.4125364E-07     5.9927596E-09     2.5252390E-05     1.0000000E+00
     1.5848924E-07     4.7748219E-09     2.2859282E-05     1.0000000E+00
     1.7782794E-07     3.8111726E-09     2.0998469E-05     1.0000000E+00
     1.9952633E-07     3.0397178E-09     1.9512067E-05     1.0000000E+00
     2.2387231E-07     2.4188323E-09     1.8295771E-05     1.0000000E+00
     2.5118842E-07     1.9125654E-09     1.7223027E-05     1.0000000E+00
     2.8183817E-07     1.4975518E-09     1.6203216E-05     1.0000000E+00
     3.1622776E-07     1.1606027E-09     1.5208905E-05     1.0000000E+00
     3.5481355E-07     8.8805588E-10     1.4191489E-05     1.0000000E+00
     3.9810752E-07     6.6975349E-10     1.3127984E-05     1.0000000E+00
     4.4668320E-07     4.9786015E-10     1.2028062E-05     1.0000000E+00
     5.0118700E-07     3.6467783E-10     1.0903211E-05     1.0000000E+00
     5.6234131E-07     2.6360009E-10     9.7855801E-06     1.0000000E+00
     6.3095763E-07     1.8771812E-10     8.6759768E-06     1.0000000E+00
     7.0794641E-07     1.3233742E-10     7.6316879E-06     1.0000000E+00
     7.9432755E-07     9.2261069E-11     6.6504745E-06     1.0000000E+00
     8.9125052E-07     6.3530261E-11     5.7323828E-06     1.0000000E+00
     1.0000000E-06     4.3397871E-11     4.9073039E-06     1.0000000E+00
     1.1220189E-06     2.9310870E-11     4.1574255E-06     1.0000000E+00
     1.2589265E-06     1.9692346E-11     3.5061874E-06     1.0000000E+00
     1.4125363E-06     1.3164617E-11     2.9440281E-06     1.0000000E+00
     1.5848925E-06     8.7257985E-12     2.4521195E-06     1.0000000E+00
     1.7782794E-06     5.7138123E-12     2.0184959E-06     1.0000000E+00
     1.9952631E-06     3.7392684E-12     1.6610550E-06     1.0000000E+00
     2.2387230E-06     2.4552223E-12     1.3717886E-06     1.0000000E+00
     2.5118843E-06     1.5872066E-12     1.1156015E-06     1.0000000E+00
     2.8183817E-06     1.0257490E-12     9.0711759E-07     1.0000000E+00
     3.1622776E-06     6.6779921E-13     7.4313375E-07     1.0000000E+00
     3.5481355E-06     4.2812062E-13     5.9955285E-07     1.0000000E+00
     3.9810752E-06     2.7651675E-13     4.8736663E-07     1.0000000E+00
     4.4668318E-06     1.7722613E-13     3.9315110E-07     1.0000000E+00
     5.0118701E-06     1.1357651E-13     3.1713218E-07     1.0000000E+00
     5.6234135E-06     7.3895385E-14     2.5972017E-07     1.0000000E+00
     6.3095763E-06     4.6635688E-14     2.0632707E-07     1.0000000E+00
     7.0794640E-06     2.9881259E-14     1.6641674E-07     1.0000000E+00
     7.9432757E-06     1.8572263E-14     1.3020555E-07     1.0000000E+00
     8.9125051E-06     1.2081401E-14     1.0662439E-07     1.0000000E+00
     9.9999997E-06     7.6235415E-15     8.4698622E-08     1.0000000E+00
