   1.12201897E-014   8.98056568E-001   1.01257573E-001   7.49766827E-004
   1.25892652E-014   8.97977548E-001   1.01252941E-001   8.41200352E-004
   1.41253628E-014   8.97888896E-001   1.01247744E-001   9.43779945E-004
   1.58489250E-014   8.97789435E-001   1.01241913E-001   1.05887651E-003
   1.77827943E-014   8.97677851E-001   1.01235372E-001   1.18803978E-003
   1.99526319E-014   8.97552669E-001   1.01228034E-001   1.33287907E-003
   2.23872316E-014   8.97412232E-001   1.01219801E-001   1.49542093E-003
   2.51188417E-014   8.97254689E-001   1.01210565E-001   1.67775154E-003
   2.81838168E-014   8.97077953E-001   1.01200203E-001   1.88225508E-003
   3.16227757E-014   8.96879692E-001   1.01188580E-001   2.11167336E-003
   3.54813530E-014   8.96657293E-001   1.01175541E-001   2.36904621E-003
   3.98107518E-014   8.96407821E-001   1.01160914E-001   2.65771151E-003
   4.46683197E-014   8.96127998E-001   1.01144507E-001   2.98154354E-003
   5.01187023E-014   8.95814128E-001   1.01126103E-001   3.34471464E-003
   5.62341311E-014   8.95462092E-001   1.01105461E-001   3.75205278E-003
   6.30957621E-014   8.95067265E-001   1.01082308E-001   4.20892239E-003
   7.07946410E-014   8.94624467E-001   1.01056341E-001   4.72128391E-003
   7.94327508E-014   8.94127911E-001   1.01027219E-001   5.29581308E-003
   8.91250574E-014   8.93571083E-001   1.00994561E-001   5.94007969E-003
   9.99999982E-014   8.92946723E-001   1.00957939E-001   6.66248798E-003
   1.12201894E-013   8.92246698E-001   1.00916875E-001   7.47239590E-003
   1.25892650E-013   8.91461909E-001   1.00870834E-001   8.38035345E-003
   1.41253627E-013   8.90582198E-001   1.00819220E-001   9.39804316E-003
   1.58489256E-013   8.89596157E-001   1.00761359E-001   1.05387568E-002
   1.77827940E-013   8.88491101E-001   1.00696506E-001   1.18170381E-002
   1.99526322E-013   8.87252836E-001   1.00623825E-001   1.32493377E-002
   2.23872312E-013   8.85865529E-001   1.00542381E-001   1.48539543E-002
   2.51188420E-013   8.84311554E-001   1.00451135E-001   1.66512132E-002
   2.81838165E-013   8.82571171E-001   1.00348921E-001   1.86638832E-002
   3.16227757E-013   8.80622496E-001   1.00234447E-001   2.09172368E-002
   3.54813536E-013   8.78441156E-001   1.00106271E-001   2.34394073E-002
   3.98107518E-013   8.76000073E-001   9.99627875E-002   2.62616277E-002
   4.46683191E-013   8.73269244E-001   9.98022184E-002   2.94183493E-002
   5.01187037E-013   8.70215257E-001   9.96225787E-002   3.29481959E-002
   5.62341352E-013   8.66801314E-001   9.94216788E-002   3.68934870E-002
   6.30957634E-013   8.62986715E-001   9.91970921E-002   4.13010120E-002
   7.07946397E-013   8.58726605E-001   9.89461382E-002   4.62222695E-002
   7.94327549E-013   8.53971749E-001   9.86658671E-002   5.17138839E-002
   8.91250561E-013   8.48667894E-001   9.83530186E-002   5.78380823E-002
   9.99999996E-013   8.42755990E-001   9.80040318E-002   6.46623969E-002
   1.12201893E-012   8.36171632E-001   9.76150076E-002   7.22606778E-002
   1.25892656E-012   8.28844952E-001   9.71816953E-002   8.07125568E-002
   1.41253632E-012   8.20700689E-001   9.66994917E-002   9.01039243E-002
   1.58489248E-012   8.11657547E-001   9.61633927E-002   1.00527227E-001
   1.77827946E-012   8.01629302E-001   9.55680490E-002   1.12080336E-001
   1.99526311E-012   7.90524550E-001   9.49077382E-002   1.24866545E-001
   2.23872310E-012   7.78247440E-001   9.41763915E-002   1.38993859E-001
   2.51188415E-012   7.64698960E-001   9.33676526E-002   1.54573321E-001
   2.81838160E-012   7.49777069E-001   9.24748607E-002   1.71718776E-001
   3.16227773E-012   7.33380076E-001   9.14912262E-002   1.90542638E-001
   3.54813553E-012   7.15408008E-001   9.04098807E-002   2.11154640E-001
   3.98107502E-012   6.95765750E-001   8.92240249E-002   2.33657420E-001
   4.46683185E-012   6.74367164E-001   8.79271361E-002   2.58142233E-001
   5.01187026E-012   6.51138109E-001   8.65130959E-002   2.84685075E-001
   5.62341319E-012   6.26024047E-001   8.49765979E-002   3.13337684E-001
   6.30957613E-012   5.98994665E-001   8.33133703E-002   3.44122410E-001
   7.07946419E-012   5.70051371E-001   8.15205645E-002   3.77023458E-001
   7.94327538E-012   5.39235573E-001   7.95972042E-002   4.11977589E-001
   8.91250528E-012   5.06634208E-001   7.75444661E-002   4.48868096E-001
   9.99999996E-012   4.72391260E-001   7.53663457E-002   4.87511873E-001
   1.12201897E-011   4.36712925E-001   7.30699626E-002   5.27654529E-001
   1.25892656E-011   3.99873882E-001   7.06659607E-002   5.68964243E-001
   1.41253632E-011   3.62221421E-001   6.81688393E-002   6.11028433E-001
   1.58489246E-011   3.24172393E-001   6.55968821E-002   6.53358877E-001
   1.77827943E-011   2.86212256E-001   6.29723331E-002   6.95395231E-001
   1.99526316E-011   2.48881093E-001   6.03208222E-002   7.36522913E-001
   2.23872310E-011   2.12756163E-001   5.76706704E-002   7.76095629E-001
   2.51188428E-011   1.78426983E-001   5.50518433E-002   8.13465416E-001
   2.81838164E-011   1.46460631E-001   5.24942698E-002   8.48022878E-001
   3.16227773E-011   1.17389359E-001   5.00055152E-002   8.79235387E-001
   3.54813540E-011   9.15832213E-002   4.76546433E-002   9.06691968E-001
   3.98107519E-011   6.93471518E-002   4.54374687E-002   9.30139840E-001
   4.46683211E-011   5.08022905E-002   4.33660590E-002   9.49509859E-001
   5.01187009E-011   3.58936967E-002   4.14440228E-002   9.64926958E-001
   5.62341319E-011   2.43870077E-002   3.96754800E-002   9.76695895E-001
   6.30957647E-011   1.59291596E-002   3.80269233E-002   9.85269129E-001
   7.07946410E-011   1.00353765E-002   3.64836768E-002   9.91195261E-001
   7.94327520E-011   6.16191979E-003   3.50332966E-002   9.95057583E-001
   8.91250546E-011   3.78985101E-003   3.36406797E-002   9.97414410E-001
   1.00000001E-010   2.44784088E-003   3.22779232E-002   9.98750210E-001
   1.12201894E-010   1.75275549E-003   3.09188878E-002   9.99447167E-001
   1.25892657E-010   1.42320544E-003   2.95407113E-002   9.99778628E-001
   1.41253634E-010   1.27400457E-003   2.81246699E-002   9.99920726E-001
   1.58489250E-010   1.19768781E-003   2.66565127E-002   9.99974966E-001
   1.77827947E-010   1.14037414E-003   2.51272714E-002   9.99993145E-001
   1.99526326E-010   1.08068318E-003   2.35327103E-002   9.99998391E-001
   2.23872310E-010   1.01302385E-003   2.18738975E-002   9.99999702E-001
   2.51188431E-010   9.38036149E-004   2.01570766E-002   9.99999940E-001
   2.81838164E-010   8.58006925E-004   1.83934556E-002   1.00000000E+000
   3.16227766E-010   7.75088724E-004   1.65989263E-002   1.00000000E+000
   3.54813540E-010   6.91048898E-004   1.47935025E-002   1.00000000E+000
   3.98107519E-010   6.07377670E-004   1.30006964E-002   1.00000000E+000
   4.46683190E-010   5.25444918E-004   1.12465701E-002   1.00000000E+000
   5.01187036E-010   4.46582998E-004   9.55856058E-003   1.00000000E+000
   5.62341340E-010   3.72097923E-004   7.96430823E-003   1.00000000E+000
   6.30957619E-010   3.03207991E-004   6.48982096E-003   1.00000000E+000
   7.07946424E-010   2.40977668E-004   5.15787413E-003   1.00000000E+000
   7.94327548E-010   1.86227482E-004   3.98602529E-003   1.00000000E+000
   8.91250573E-010   1.39460657E-004   2.98504540E-003   1.00000000E+000
   9.99999972E-010   1.00817696E-004   2.15794180E-003   1.00000000E+000
   1.12201892E-009   7.00538094E-005   1.49947617E-003   1.00000000E+000
   1.25892652E-009   4.65629091E-005   9.96675456E-004   1.00000000E+000
   1.41253631E-009   2.94452262E-005   6.30283616E-004   1.00000000E+000
   1.58489255E-009   1.76080559E-005   3.76913746E-004   1.00000000E+000
   1.77827941E-009   9.88953833E-006   2.11698799E-004   1.00000000E+000
   1.99526329E-009   5.17715005E-006   1.10827670E-004   1.00000000E+000
   2.23872321E-009   2.50460976E-006   5.36187060E-005   1.00000000E+000
   2.51188426E-009   1.10908372E-006   2.37445641E-005   1.00000000E+000
   2.81838175E-009   4.44711015E-007   9.52154676E-006   1.00000000E+000
   3.16227755E-009   1.59535275E-007   3.41604648E-006   1.00000000E+000
   3.54813534E-009   5.05173340E-008   1.08181944E-006   1.00000000E+000
   3.98107503E-009   1.39082575E-008   2.97883598E-007   1.00000000E+000
   4.46683179E-009   3.27354284E-009   7.01240117E-008   1.00000000E+000
   5.01187003E-009   6.46358438E-010   1.38489288E-008   1.00000000E+000
   5.62341329E-009   1.04836263E-010   2.24684382E-009   1.00000000E+000
   6.30957642E-009   1.36422265E-011   2.92479737E-010   1.00000000E+000
   7.07946413E-009   1.38766983E-012   2.97635518E-011   1.00000000E+000
   7.94327537E-009   1.07172447E-013   2.29994862E-012   1.00000000E+000
   8.91250540E-009   6.08550837E-015   1.30686022E-013   1.00000000E+000
   9.99999994E-009   2.45214018E-016   5.27050060E-015   1.00000000E+000
   1.12201892E-008   6.74320048E-018   1.45092064E-016   1.00000000E+000
   1.25892514E-008   1.21284789E-019   2.61322199E-018   1.00000000E+000
   1.41253782E-008   1.36246962E-021   2.94064017E-020   1.00000000E+000
   1.58489257E-008   9.09850063E-024   1.96798471E-022   1.00000000E+000
   1.77827939E-008   3.42798328E-026   7.43478259E-025   1.00000000E+000
   1.99526315E-008   6.90320234E-029   1.50231094E-027   1.00000000E+000
   2.23872068E-008   7.03540709E-032   1.53764674E-030   1.00000000E+000
   2.51188705E-008   3.44250249E-035   7.56438218E-034   1.00000000E+000
   2.81838162E-008   7.71471384E-039   1.70664612E-037   1.00000000E+000
   3.16227755E-008   7.62424489E-043   1.70091917E-041   1.00000000E+000
   3.54813530E-008   3.25476622E-047   7.33820290E-046   1.00000000E+000
   3.98107076E-008   6.02977555E-052   1.37751267E-050   1.00000000E+000
   4.46683686E-008   5.04737970E-057   1.17218303E-055   1.00000000E+000
   5.01187003E-008   2.09087074E-062   4.95594157E-061   1.00000000E+000
   5.62341320E-008   5.00861305E-068   1.21760474E-066   1.00000000E+000
   6.30957615E-008   8.79467800E-074   2.20581183E-072   1.00000000E+000
   7.07945631E-008   1.57598940E-079   4.10718913E-078   1.00000000E+000
   7.94328443E-008   4.42900090E-085   1.20946220E-083   1.00000000E+000
   8.91250522E-008   3.28434997E-090   9.49045835E-089   1.00000000E+000
   1.00000001E-007   1.15104345E-094   3.55914106E-093   1.00000000E+000
   1.12201896E-007   3.44666258E-098   1.15477430E-096   1.00000000E+000
   1.25892655E-007   1.49154456E-100   5.48877307E-099   1.00000000E+000
   1.41253636E-007   1.36771630E-101   5.60766451E-100   1.00000000E+000
   1.58489243E-007   3.13996472E-101   1.45539160E-099   1.00000000E+000
   1.77827943E-007   1.66694447E-099   8.86063508E-098   1.00000000E+000
   1.99526326E-007   1.49994941E-096   9.26881222E-095   1.00000000E+000
   2.23872306E-007   1.40648920E-092   1.02314401E-090   1.00000000E+000
   2.51188425E-007   7.69195779E-088   6.66142068E-086   1.00000000E+000
   2.81838169E-007   1.35150665E-082   1.40714766E-080   1.00000000E+000
   3.16227755E-007   4.40682111E-077   5.56266723E-075   1.00000000E+000
   3.54813551E-007   1.67260332E-071   2.57782813E-069   1.00000000E+000
   3.98107517E-007   5.12467276E-066   9.70011990E-064   1.00000000E+000
   4.46683202E-007   9.69902879E-061   2.26558840E-058   1.00000000E+000
   5.01187003E-007   9.46584449E-056   2.73944346E-053   1.00000000E+000
   5.62341313E-007   4.25303344E-051   1.52980340E-048   1.00000000E+000
   6.30957629E-007   8.35194599E-047   3.74347277E-044   1.00000000E+000
   7.07946413E-007   7.05391030E-043   3.94788562E-040   1.00000000E+000
   7.94327548E-007   2.59873958E-039   1.81912465E-036   1.00000000E+000
   8.91250522E-007   4.31600507E-036   3.78376945E-033   1.00000000E+000
   9.99999997E-007   3.38393707E-033   3.71935527E-030   1.00000000E+000
   1.12201894E-006   1.32149523E-030   1.82255641E-027   1.00000000E+000
   1.25892655E-006   2.69127899E-028   4.66053838E-025   1.00000000E+000
   1.41253634E-006   3.06142190E-026   6.66030180E-023   1.00000000E+000
   1.58489252E-006   2.02091018E-024   5.52583994E-021   1.00000000E+000
   1.77827940E-006   8.19705464E-023   2.81797848E-019   1.00000000E+000
   1.99526312E-006   2.14667731E-021   9.28094519E-018   1.00000000E+000
   2.23872303E-006   3.78506251E-020   2.05843704E-016   1.00000000E+000
   2.51188430E-006   4.70347174E-019   3.21806192E-015   1.00000000E+000
   2.81838174E-006   4.21432024E-018   3.62806956E-014   1.00000000E+000
   3.16227761E-006   2.84989076E-017   3.08741765E-013   1.00000000E+000
   3.54813551E-006   1.49948770E-016   2.04440278E-012   1.00000000E+000
   3.98107522E-006   6.28036810E-016   1.07769221E-011   1.00000000E+000
   4.46683180E-006   2.14226660E-015   4.62690647E-011   1.00000000E+000
   5.01187014E-006   5.99666478E-015   1.63025319E-010   1.00000000E+000
   5.62341347E-006   1.46388741E-014   5.00952095E-010   1.00000000E+000
   6.30957629E-006   2.97763896E-014   1.28267114E-009   1.00000000E+000
   7.07946401E-006   5.52856976E-014   2.99792114E-009   1.00000000E+000
   7.94327570E-006   8.68422435E-014   5.92800189E-009   1.00000000E+000
   8.91250511E-006   1.32322361E-013   1.13707181E-008   1.00000000E+000
   9.99999975E-006   1.73187207E-013   1.87349614E-008   1.00000000E+000
