   1.12201897E-014   2.63444106E-001   7.36183539E-001   7.49766827E-004
   1.25892652E-014   2.63432372E-001   7.36149852E-001   8.41200352E-004
   1.41253628E-014   2.63419207E-001   7.36112057E-001   9.43779945E-004
   1.58489250E-014   2.63404437E-001   7.36069653E-001   1.05887651E-003
   1.77827943E-014   2.63387865E-001   7.36022077E-001   1.18803978E-003
   1.99526319E-014   2.63369272E-001   7.35968699E-001   1.33287907E-003
   2.23872316E-014   2.63348412E-001   7.35908813E-001   1.49542093E-003
   2.51188417E-014   2.63325009E-001   7.35841627E-001   1.67775154E-003
   2.81838168E-014   2.63298753E-001   7.35766249E-001   1.88225508E-003
   3.16227757E-014   2.63269296E-001   7.35681682E-001   2.11167336E-003
   3.54813530E-014   2.63236248E-001   7.35586808E-001   2.36904621E-003
   3.98107518E-014   2.63199173E-001   7.35480373E-001   2.65771151E-003
   4.46683197E-014   2.63157581E-001   7.35360971E-001   2.98154354E-003
   5.01187023E-014   2.63110922E-001   7.35227020E-001   3.34471464E-003
   5.62341311E-014   2.63058578E-001   7.35076755E-001   3.75205278E-003
   6.30957621E-014   2.62999861E-001   7.34908190E-001   4.20892239E-003
   7.07946410E-014   2.62933994E-001   7.34719103E-001   4.72128391E-003
   7.94327508E-014   2.62860111E-001   7.34507007E-001   5.29581308E-003
   8.91250574E-014   2.62777237E-001   7.34269099E-001   5.94007969E-003
   9.99999982E-014   2.62684282E-001   7.34002253E-001   6.66248798E-003
   1.12201894E-013   2.62580023E-001   7.33702964E-001   7.47239590E-003
   1.25892650E-013   2.62463092E-001   7.33367300E-001   8.38035345E-003
   1.41253627E-013   2.62331959E-001   7.32990870E-001   9.39804316E-003
   1.58489256E-013   2.62184899E-001   7.32568730E-001   1.05387568E-002
   1.77827940E-013   2.62019995E-001   7.32095371E-001   1.18170381E-002
   1.99526322E-013   2.61835092E-001   7.31564618E-001   1.32493377E-002
   2.23872312E-013   2.61627783E-001   7.30969561E-001   1.48539543E-002
   2.51188420E-013   2.61395379E-001   7.30302486E-001   1.66512132E-002
   2.81838165E-013   2.61134859E-001   7.29554727E-001   1.86638832E-002
   3.16227757E-013   2.60842860E-001   7.28716639E-001   2.09172368E-002
   3.54813536E-013   2.60515621E-001   7.27777435E-001   2.34394073E-002
   3.98107518E-013   2.60145630E-001   7.26728383E-001   2.62616277E-002
   4.46683191E-013   2.59734839E-001   7.25549443E-001   2.94183493E-002
   5.01187037E-013   2.59274687E-001   7.24228904E-001   3.29481959E-002
   5.62341352E-013   2.58759360E-001   7.22750097E-001   3.68934870E-002
   6.30957634E-013   2.58182376E-001   7.21094446E-001   4.13010120E-002
   7.07946397E-013   2.57536522E-001   7.19241291E-001   4.62222695E-002
   7.94327549E-013   2.56813802E-001   7.17167728E-001   5.17138839E-002
   8.91250561E-013   2.56005300E-001   7.14848232E-001   5.78380823E-002
   9.99999996E-013   2.55101180E-001   7.12254648E-001   6.46623969E-002
   1.12201893E-012   2.54090546E-001   7.09355805E-001   7.22606778E-002
   1.25892656E-012   2.52961355E-001   7.06117382E-001   8.07125568E-002
   1.41253632E-012   2.51697203E-001   7.02504601E-001   9.01039243E-002
   1.58489248E-012   2.50289878E-001   6.98469362E-001   1.00527227E-001
   1.77827946E-012   2.48717017E-001   6.93972511E-001   1.12080336E-001
   1.99526311E-012   2.46967567E-001   6.88958002E-001   1.24866545E-001
   2.23872310E-012   2.45016216E-001   6.83377794E-001   1.38993859E-001
   2.51188415E-012   2.42845633E-001   6.77170508E-001   1.54573321E-001
   2.81838160E-012   2.40433356E-001   6.70272270E-001   1.71718776E-001
   3.16227773E-012   2.37755632E-001   6.62615604E-001   1.90542638E-001
   3.54813553E-012   2.34785624E-001   6.54129937E-001   2.11154640E-001
   3.98107502E-012   2.31496641E-001   6.44739632E-001   2.33657420E-001
   4.46683185E-012   2.27858934E-001   6.34365946E-001   2.58142233E-001
   5.01187026E-012   2.23843607E-001   6.22926750E-001   2.84685075E-001
   5.62341319E-012   2.19425480E-001   6.10334742E-001   3.13337684E-001
   6.30957613E-012   2.14569274E-001   5.96512304E-001   3.44122410E-001
   7.07946419E-012   2.09242080E-001   5.81382002E-001   3.77023458E-001
   7.94327538E-012   2.03422487E-001   5.64862663E-001   4.11977589E-001
   8.91250528E-012   1.97086990E-001   5.46884500E-001   4.48868096E-001
   9.99999996E-012   1.90206525E-001   5.27400137E-001   4.87511873E-001
   1.12201897E-011   1.82767115E-001   5.06369746E-001   5.27654529E-001
   1.25892656E-011   1.74762198E-001   4.83774719E-001   5.68964243E-001
   1.41253632E-011   1.66191895E-001   4.59627968E-001   6.11028433E-001
   1.58489246E-011   1.57070546E-001   4.33972838E-001   6.53358877E-001
   1.77827943E-011   1.47418778E-001   4.06902215E-001   6.95395231E-001
   1.99526316E-011   1.37287563E-001   3.78542168E-001   7.36522913E-001
   2.23872310E-011   1.26735230E-001   3.49082122E-001   7.76095629E-001
   2.51188428E-011   1.15846107E-001   3.18763800E-001   8.13465416E-001
   2.81838164E-011   1.04723835E-001   2.87886859E-001   8.48022878E-001
   3.16227773E-011   9.34958190E-002   2.56807689E-001   8.79235387E-001
   3.54813540E-011   8.23081597E-002   2.25933377E-001   9.06691968E-001
   3.98107519E-011   7.13218695E-002   1.95712470E-001   9.30139840E-001
   4.46683211E-011   6.07116678E-002   1.66614731E-001   9.49509859E-001
   5.01187009E-011   5.06533618E-002   1.39109917E-001   9.64926958E-001
   5.62341319E-011   4.13168889E-002   1.13642818E-001   9.76695895E-001
   6.30957647E-011   3.28522412E-002   9.06021060E-002   9.85269129E-001
   7.07946410E-011   2.53808693E-002   7.02881890E-002   9.91195261E-001
   7.94327520E-011   1.89816098E-002   5.28894359E-002   9.95057583E-001
   8.91250546E-011   1.36836134E-002   3.84609040E-002   9.97414410E-001
   1.00000001E-010   9.46264035E-003   2.69203274E-002   9.98750210E-001
   1.12201894E-010   6.24278517E-003   1.80545258E-002   9.99447167E-001
   1.25892657E-010   3.90433448E-003   1.15436766E-002   9.99778628E-001
   1.41253634E-010   2.29806922E-003   6.99686109E-003   9.99920726E-001
   1.58489250E-010   1.26232953E-003   3.99481901E-003   9.99974966E-001
   1.77827947E-010   6.40765117E-004   2.13323402E-003   9.99993145E-001
   1.99526326E-010   2.97135629E-004   1.05687000E-003   9.99998391E-001
   2.23872310E-010   1.24164315E-004   4.81355141E-004   9.99999702E-001
   2.51188431E-010   4.59887239E-005   1.99442392E-004   9.99999940E-001
   2.81838164E-010   1.47959227E-005   7.42621831E-005   1.00000000E+000
   3.16227766E-010   4.03224909E-006   2.44965924E-005   1.00000000E+000
   3.54813540E-010   9.02494929E-007   7.03706923E-006   1.00000000E+000
   3.98107519E-010   1.60452432E-007   1.72403109E-006   1.00000000E+000
   4.46683190E-010   2.25427821E-008   3.50912656E-007   1.00000000E+000
   5.01187036E-010   2.94662916E-009   5.73592796E-008   1.00000000E+000
   5.62341340E-010   5.35055157E-010   7.19313698E-009   1.00000000E+000
   6.30957619E-010   1.18323413E-010   6.48501116E-010   1.00000000E+000
   7.07946424E-010   2.01197955E-011   3.81233688E-011   1.00000000E+000
   7.94327548E-010   2.17351301E-012   1.27867210E-012   1.00000000E+000
   8.91250573E-010   1.34920819E-013   2.96596283E-014   1.00000000E+000
   9.99999972E-010   4.16054997E-015   1.69088265E-015   1.00000000E+000
   1.12201892E-009   4.88102743E-017   7.20761619E-017   1.00000000E+000
   1.25892652E-009   3.05779088E-019   8.38211459E-019   1.00000000E+000
   1.41253631E-009   5.75985632E-021   2.87891690E-021   1.00000000E+000
   1.58489255E-009   1.65260136E-023   2.63134011E-023   1.00000000E+000
   1.77827941E-009   5.06175772E-026   3.56173304E-026   1.00000000E+000
   1.99526329E-009   4.43388359E-029   4.69858514E-029   1.00000000E+000
   2.23872321E-009   2.73758700E-032   2.79917359E-032   1.00000000E+000
   2.51188426E-009   8.88406915E-036   9.82411841E-036   1.00000000E+000
   2.81838175E-009   1.98931295E-039   2.25031572E-039   1.00000000E+000
   3.16227755E-009   5.01739385E-042   6.06204430E-042   1.00000000E+000
   3.54813534E-009   8.22715567E-034   1.74806666E-033   1.00000000E+000
   3.98107503E-009   2.38926901E-027   8.30038204E-027   1.00000000E+000
   4.46683179E-009   2.21835708E-023   1.12001381E-022   1.00000000E+000
   5.01187003E-009   1.60291423E-020   1.11823312E-019   1.00000000E+000
   5.62341329E-009   2.59152039E-018   2.42867562E-017   1.00000000E+000
   6.30957642E-009   1.53269355E-016   1.89556177E-015   1.00000000E+000
   7.07946413E-009   4.35937357E-015   7.02982777E-014   1.00000000E+000
   7.94327537E-009   7.06852872E-014   1.47361527E-012   1.00000000E+000
   8.91250540E-009   7.32687163E-013   1.96251218E-011   1.00000000E+000
   9.99999994E-009   5.26641654E-012   1.80400787E-010   1.00000000E+000
   1.12201892E-008   2.78898597E-011   1.21753139E-009   1.00000000E+000
   1.25892514E-008   1.14030116E-010   6.32705942E-009   1.00000000E+000
   1.41253782E-008   3.73534191E-010   2.62885510E-008   1.00000000E+000
   1.58489257E-008   1.01014310E-009   9.00278650E-008   1.00000000E+000
   1.77827939E-008   2.31229441E-009   2.60647642E-007   1.00000000E+000
   1.99526315E-008   4.57402742E-009   6.51480266E-007   1.00000000E+000
   2.23872068E-008   7.96006886E-009   1.43145178E-006   1.00000000E+000
   2.51188705E-008   1.23725154E-008   2.80746053E-006   1.00000000E+000
   2.81838162E-008   1.74025132E-008   4.98029701E-006   1.00000000E+000
   3.16227755E-008   2.24077699E-008   8.08475741E-006   1.00000000E+000
   3.54813530E-008   2.66779463E-008   1.21315465E-005   1.00000000E+000
   3.98107076E-008   2.96268696E-008   1.69762546E-005   1.00000000E+000
   4.46683686E-008   3.09269172E-008   2.23256676E-005   1.00000000E+000
   5.01187003E-008   3.05597815E-008   2.77884754E-005   1.00000000E+000
   5.62341320E-008   2.87550064E-008   3.29325043E-005   1.00000000E+000
   6.30957615E-008   2.59010392E-008   3.73580860E-005   1.00000000E+000
   7.07945631E-008   2.24468750E-008   4.07705415E-005   1.00000000E+000
   7.94328443E-008   1.87891589E-008   4.29730827E-005   1.00000000E+000
   8.91250522E-008   1.52551570E-008   4.39322240E-005   1.00000000E+000
   1.00000001E-007   1.20477077E-008   4.36850891E-005   1.00000000E+000
   1.12201896E-007   9.28774037E-009   4.24022120E-005   1.00000000E+000
   1.25892655E-007   7.00412514E-009   4.02598318E-005   1.00000000E+000
   1.41253636E-007   5.18045796E-009   3.74900293E-005   1.00000000E+000
   1.58489243E-007   3.76679378E-009   3.43197665E-005   1.00000000E+000
   1.77827943E-007   2.69639597E-009   3.09297201E-005   1.00000000E+000
   1.99526326E-007   1.90471948E-009   2.75067575E-005   1.00000000E+000
   2.23872306E-007   1.32836925E-009   2.41512700E-005   1.00000000E+000
   2.51188425E-007   9.16810974E-010   2.09850082E-005   1.00000000E+000
   2.81838169E-007   6.26485488E-010   1.80529654E-005   1.00000000E+000
   3.16227755E-007   4.24457380E-010   1.53984911E-005   1.00000000E+000
   3.54813551E-007   2.85133272E-010   1.30225848E-005   1.00000000E+000
   3.98107517E-007   1.90453552E-010   1.09507226E-005   1.00000000E+000
   4.46683202E-007   1.26371322E-010   9.14753013E-006   1.00000000E+000
   5.01187003E-007   8.34533633E-011   7.60504495E-006   1.00000000E+000
   5.62341313E-007   5.47980122E-011   6.28673535E-006   1.00000000E+000
   6.30957629E-007   3.57776294E-011   5.16742151E-006   1.00000000E+000
   7.07946413E-007   2.33149520E-011   4.23934141E-006   1.00000000E+000
   7.94327548E-007   1.51360146E-011   3.46477290E-006   1.00000000E+000
   8.91250522E-007   9.78892118E-012   2.82097676E-006   1.00000000E+000
   9.99999997E-007   6.30679620E-012   2.28809639E-006   1.00000000E+000
   1.12201894E-006   4.07106444E-012   1.85940683E-006   1.00000000E+000
   1.25892655E-006   2.60799572E-012   1.49959551E-006   1.00000000E+000
   1.41253634E-006   1.67710627E-012   1.21402189E-006   1.00000000E+000
   1.58489252E-006   1.07438494E-012   9.79098947E-007   1.00000000E+000
   1.77827940E-006   6.83060810E-013   7.83657940E-007   1.00000000E+000
   1.99526312E-006   4.37581627E-013   6.32014113E-007   1.00000000E+000
   2.23872303E-006   2.78200815E-013   5.05855618E-007   1.00000000E+000
   2.51188430E-006   1.76872952E-013   4.04881911E-007   1.00000000E+000
   2.81838174E-006   1.12450403E-013   3.24062138E-007   1.00000000E+000
   3.16227761E-006   7.14925125E-014   2.59375136E-007   1.00000000E+000
   3.54813551E-006   4.54527633E-014   2.07600529E-007   1.00000000E+000
   3.98107522E-006   2.88974627E-014   1.66160751E-007   1.00000000E+000
   4.46683180E-006   1.82332065E-014   1.31986679E-007   1.00000000E+000
   5.01187014E-006   1.16805411E-014   1.06446272E-007   1.00000000E+000
   5.62341347E-006   7.36991093E-015   8.45532083E-008   1.00000000E+000
   6.30957629E-006   4.65009210E-015   6.71629479E-008   1.00000000E+000
   7.07946401E-006   2.97893921E-015   5.41664415E-008   1.00000000E+000
   7.94327570E-006   1.85124310E-015   4.23770479E-008   1.00000000E+000
   8.91250511E-006   1.16805462E-015   3.36612729E-008   1.00000000E+000
   9.99999975E-006   7.36991018E-016   2.67380710E-008   1.00000000E+000
