   1.12201897E-014   9.99481070E-001   1.43966354E-004   7.49766827E-004
   1.25892652E-014   9.99435334E-001   1.43959766E-004   8.41200352E-004
   1.41253628E-014   9.99384020E-001   1.43952375E-004   9.43779945E-004
   1.58489250E-014   9.99326448E-001   1.43944082E-004   1.05887651E-003
   1.77827943E-014   9.99261854E-001   1.43934779E-004   1.18803978E-003
   1.99526319E-014   9.99189383E-001   1.43924341E-004   1.33287907E-003
   2.23872316E-014   9.99108076E-001   1.43912630E-004   1.49542093E-003
   2.51188417E-014   9.99016858E-001   1.43899491E-004   1.67775154E-003
   2.81838168E-014   9.98914518E-001   1.43884751E-004   1.88225508E-003
   3.16227757E-014   9.98799702E-001   1.43868214E-004   2.11167336E-003
   3.54813530E-014   9.98670893E-001   1.43849661E-004   2.36904621E-003
   3.98107518E-014   9.98526386E-001   1.43828848E-004   2.65771151E-003
   4.46683197E-014   9.98364275E-001   1.43805499E-004   2.98154354E-003
   5.01187023E-014   9.98182411E-001   1.43779305E-004   3.34471464E-003
   5.62341311E-014   9.97978396E-001   1.43749921E-004   3.75205278E-003
   6.30957621E-014   9.97749536E-001   1.43716958E-004   4.20892239E-003
   7.07946410E-014   9.97492814E-001   1.43679984E-004   4.72128391E-003
   7.94327508E-014   9.97204852E-001   1.43638510E-004   5.29581308E-003
   8.91250574E-014   9.96881845E-001   1.43591989E-004   5.94007969E-003
   9.99999982E-014   9.96519551E-001   1.43539810E-004   6.66248798E-003
   1.12201894E-013   9.96113206E-001   1.43481288E-004   7.47239590E-003
   1.25892650E-013   9.95657477E-001   1.43415654E-004   8.38035345E-003
   1.41253627E-013   9.95146399E-001   1.43342050E-004   9.39804316E-003
   1.58489256E-013   9.94573261E-001   1.43259510E-004   1.05387568E-002
   1.77827940E-013   9.93930583E-001   1.43166957E-004   1.18170381E-002
   1.99526322E-013   9.93209981E-001   1.43063183E-004   1.32493377E-002
   2.23872312E-013   9.92402073E-001   1.42946840E-004   1.48539543E-002
   2.51188420E-013   9.91496385E-001   1.42816419E-004   1.66512132E-002
   2.81838165E-013   9.90481153E-001   1.42670228E-004   1.86638832E-002
   3.16227757E-013   9.89343280E-001   1.42506383E-004   2.09172368E-002
   3.54813536E-013   9.88068121E-001   1.42322776E-004   2.34394073E-002
   3.98107518E-013   9.86639325E-001   1.42117055E-004   2.62616277E-002
   4.46683191E-013   9.85038682E-001   1.41886603E-004   2.94183493E-002
   5.01187037E-013   9.83245786E-001   1.41628484E-004   3.29481959E-002
   5.62341352E-013   9.81238009E-001   1.41339447E-004   3.68934870E-002
   6.30957634E-013   9.78990128E-001   1.41015865E-004   4.13010120E-002
   7.07946397E-013   9.76474091E-001   1.40653708E-004   4.62222695E-002
   7.94327549E-013   9.73658802E-001   1.40248511E-004   5.17138839E-002
   8.91250561E-013   9.70509601E-001   1.39795297E-004   5.78380823E-002
   9.99999996E-013   9.66988263E-001   1.39288578E-004   6.46623969E-002
   1.12201893E-012   9.63052463E-001   1.38722282E-004   7.22606778E-002
   1.25892656E-012   9.58655485E-001   1.38089712E-004   8.07125568E-002
   1.41253632E-012   9.53745991E-001   1.37383510E-004   9.01039243E-002
   1.58489248E-012   9.48267270E-001   1.36595553E-004   1.00527227E-001
   1.77827946E-012   9.42157498E-001   1.35716993E-004   1.12080336E-001
   1.99526311E-012   9.35349076E-001   1.34738165E-004   1.24866545E-001
   2.23872310E-012   9.27768445E-001   1.33648557E-004   1.38993859E-001
   2.51188415E-012   9.19336126E-001   1.32436829E-004   1.54573321E-001
   2.81838160E-012   9.09965936E-001   1.31090695E-004   1.71718776E-001
   3.16227773E-012   8.99566048E-001   1.29597084E-004   1.90542638E-001
   3.54813553E-012   8.88038614E-001   1.27942092E-004   2.11154640E-001
   3.98107502E-012   8.75280393E-001   1.26111074E-004   2.33657420E-001
   4.46683185E-012   8.61183773E-001   1.24088799E-004   2.58142233E-001
   5.01187026E-012   8.45636910E-001   1.21859480E-004   2.84685075E-001
   5.62341319E-012   8.28526932E-001   1.19407233E-004   3.13337684E-001
   6.30957613E-012   8.09741000E-001   1.16716241E-004   3.44122410E-001
   7.07946419E-012   7.89169433E-001   1.13771201E-004   3.77023458E-001
   7.94327538E-012   7.66709722E-001   1.10557924E-004   4.11977589E-001
   8.91250528E-012   7.42269149E-001   1.07063657E-004   4.48868096E-001
   9.99999996E-012   7.15772635E-001   1.03278269E-004   4.87511873E-001
   1.12201897E-011   6.87168425E-001   9.81906630E-005   5.27654529E-001
   1.25892656E-011   6.56431430E-001   9.38515258E-005   5.68964243E-001
   1.41253632E-011   6.23578366E-001   8.92176998E-005   6.11028433E-001
   1.58489246E-011   5.88669395E-001   8.42983014E-005   6.53358877E-001
   1.77827943E-011   5.51822751E-001   7.83080799E-005   6.95395231E-001
   1.99526316E-011   5.13217921E-001   7.29335844E-005   7.36522913E-001
   2.23872310E-011   4.73108395E-001   6.73540538E-005   7.76095629E-001
   2.51188428E-011   4.31826071E-001   6.09905855E-005   8.13465416E-001
   2.81838164E-011   3.89777804E-001   5.52089996E-005   8.48022878E-001
   3.16227773E-011   3.47453850E-001   4.88904995E-005   8.79235387E-001
   3.54813540E-011   3.05411961E-001   4.27326943E-005   9.06691968E-001
   3.98107519E-011   2.64265883E-001   3.64374607E-005   9.30139840E-001
   4.46683211E-011   2.24661583E-001   3.08876989E-005   9.49509859E-001
   5.01187009E-011   1.87245764E-001   2.53286111E-005   9.64926958E-001
   5.62341319E-011   1.52630414E-001   2.04700649E-005   9.76695895E-001
   6.30957647E-011   1.21350015E-001   1.58613009E-005   9.85269129E-001
   7.07946410E-011   9.38176777E-002   1.20647383E-005   9.91195261E-001
   7.94327520E-011   7.02905234E-002   8.80822334E-006   9.95057583E-001
   8.91250546E-011   5.08403392E-002   6.06777187E-006   9.97414410E-001
   1.00000001E-010   3.53470603E-002   4.06165234E-006   9.98750210E-001
   1.12201894E-010   2.35092202E-002   2.57494629E-006   9.99447167E-001
   1.25892657E-010   1.48768983E-002   1.55661832E-006   9.99778628E-001
   1.41253634E-010   8.90318183E-003   8.77887814E-007   9.99920726E-001
   1.58489250E-010   5.00459377E-003   4.77074669E-007   9.99974966E-001
   1.77827947E-010   2.62221154E-003   2.50568512E-007   9.99993145E-001
   1.99526326E-010   1.26975070E-003   1.30205837E-007   9.99998391E-001
   2.23872310E-010   5.62781447E-004   6.96913838E-008   9.99999702E-001
   2.51188431E-010   2.25865544E-004   3.82203066E-008   9.99999940E-001
   2.81838164E-010   8.10906097E-005   2.07120436E-008   1.00000000E+000
   3.16227766E-010   2.56920233E-005   1.05521204E-008   1.00000000E+000
   3.54813540E-010   7.07455700E-006   4.82586675E-009   1.00000000E+000
   3.98107519E-010   1.66426412E-006   1.89680059E-009   1.00000000E+000
   4.46683190E-010   3.28102362E-007   6.24307922E-010   1.00000000E+000
   5.01187036E-010   5.30419797E-008   1.67504066E-010   1.00000000E+000
   5.62341340E-010   6.86231227E-009   3.57705336E-011   1.00000000E+000
   6.30957619E-010   6.91228126E-010   5.90941158E-012   1.00000000E+000
   7.07946424E-010   5.25524805E-011   7.32088969E-013   1.00000000E+000
   7.94327548E-010   2.91159342E-012   6.59815598E-014   1.00000000E+000
   8.91250573E-010   1.12937624E-013   4.15176400E-015   1.00000000E+000
   9.99999972E-010   2.93011689E-015   1.74874930E-016   1.00000000E+000
   1.12201892E-009   4.82332248E-017   4.69654060E-018   1.00000000E+000
   1.25892652E-009   4.73683818E-019   7.59564528E-020   1.00000000E+000
   1.41253631E-009   2.57878286E-021   6.94173151E-022   1.00000000E+000
   1.58489255E-009   7.10803048E-024   3.32508166E-024   1.00000000E+000
   1.77827941E-009   8.81357010E-027   7.65137629E-027   1.00000000E+000
   1.99526329E-009   4.13351964E-030   7.62165026E-030   1.00000000E+000
   2.23872321E-009   5.30978825E-034   2.88948932E-033   1.00000000E+000
   2.51188426E-009   7.91533800E-039   3.52443610E-037   1.00000000E+000
   2.81838175E-009   1.38037152E-042   1.07898161E-041   1.00000000E+000
   3.16227755E-009   6.94332650E-047   5.11857668E-047   1.00000000E+000
   3.54813534E-009   3.21650105E-052   1.01638750E-053   1.00000000E+000
   3.98107503E-009   1.06656485E-058   9.08799798E-059   1.00000000E+000
   4.46683179E-009   9.37455287E-067   1.45580046E-065   1.00000000E+000
   5.01187003E-009   1.87419262E-073   1.18261419E-074   1.00000000E+000
   5.62341329E-009   2.33243434E-083   2.61569395E-082   1.00000000E+000
   6.30957642E-009   2.63645823E-092   9.81576858E-093   1.00000000E+000
   7.07946413E-009   1.96592289E-103   2.43286094E-104   1.00000000E+000
   7.94327537E-009   6.15029220E-116   1.07249947E-116   1.00000000E+000
   8.91250540E-009   2.54528446E-130   5.06112003E-130   1.00000000E+000
   9.99999994E-009   9.83490744E-146   2.76210113E-146   1.00000000E+000
   1.12201892E-008   1.85905717E-163   1.30621456E-163   1.00000000E+000
   1.25892514E-008   2.88191114E-183   1.10894742E-183   1.00000000E+000
   1.41253782E-008   9.13963780E-206   1.89517599E-205   1.00000000E+000
   1.58489257E-008   2.22049249E-230   1.24886284E-230   1.00000000E+000
   1.77827939E-008   2.38624246E-258   1.58254231E-258   1.00000000E+000
   1.99526315E-008   9.61602640E-290   9.56568709E-290   1.00000000E+000
   2.23872068E-008   0.00000000E+000   0.00000000E+000   1.00000000E+000
   2.51188705E-008   0.00000000E+000   0.00000000E+000   1.00000000E+000
   2.81838162E-008   0.00000000E+000   0.00000000E+000   1.00000000E+000
   3.16227755E-008   0.00000000E+000   0.00000000E+000   1.00000000E+000
   3.54813530E-008   0.00000000E+000   0.00000000E+000   1.00000000E+000
   3.98107076E-008   1.62224990E-270   5.34604885E-270   1.00000000E+000
   4.46683686E-008   7.13090300E-224   3.45278582E-223   1.00000000E+000
   5.01187003E-008   1.33996984E-190   9.01105275E-190   1.00000000E+000
   5.62341320E-008   8.23829725E-165   7.46449241E-164   1.00000000E+000
   6.30957615E-008   6.26696092E-144   7.50787401E-143   1.00000000E+000
   7.07945631E-008   1.45115318E-126   2.26974705E-125   1.00000000E+000
   7.94328443E-008   7.22371839E-112   1.46206505E-110   1.00000000E+000
   8.91250522E-008   2.81781928E-099   7.33251516E-098   1.00000000E+000
   1.00000001E-007   2.14432920E-088   7.13974144E-087   1.00000000E+000
   1.12201896E-007   6.23080933E-079   2.64492972E-077   1.00000000E+000
   1.25892655E-007   1.15588193E-070   6.23822347E-069   1.00000000E+000
   1.41253636E-007   2.04878197E-063   1.40279612E-061   1.00000000E+000
   1.58489243E-007   4.81129921E-057   4.17250588E-055   1.00000000E+000
   1.77827943E-007   1.95748472E-051   2.14738525E-049   1.00000000E+000
   1.99526326E-007   1.72500978E-046   2.39134510E-044   1.00000000E+000
   2.23872306E-007   3.97704951E-042   6.96157023E-040   1.00000000E+000
   2.51188425E-007   2.82054816E-038   6.23020948E-036   1.00000000E+000
   2.81838169E-007   7.06585328E-035   1.96854608E-032   1.00000000E+000
   3.16227755E-007   7.05878613E-032   2.47944234E-029   1.00000000E+000
   3.54813551E-007   3.12698985E-029   1.38439675E-026   1.00000000E+000
   3.98107517E-007   6.73430850E-027   3.75691605E-024   1.00000000E+000
   4.46683202E-007   7.64248013E-025   5.37145613E-022   1.00000000E+000
   5.01187003E-007   4.90717594E-023   4.34454180E-020   1.00000000E+000
   5.62341313E-007   1.90153084E-021   2.12040119E-018   1.00000000E+000
   6.30957629E-007   4.68940691E-020   6.58556818E-017   1.00000000E+000
   7.07946413E-007   7.77643426E-019   1.37525608E-015   1.00000000E+000
   7.94327548E-007   9.00693600E-018   2.00576314E-014   1.00000000E+000
   8.91250522E-007   7.59687600E-017   2.13018968E-013   1.00000000E+000
   9.99999997E-007   4.83753627E-016   1.70793556E-012   1.00000000E+000
   1.12201894E-006   2.39282369E-015   1.06367538E-011   1.00000000E+000
   1.25892655E-006   9.45938434E-015   5.29421931E-011   1.00000000E+000
   1.41253634E-006   3.05759773E-014   2.15451597E-010   1.00000000E+000
   1.58489252E-006   8.29854690E-014   7.36202315E-010   1.00000000E+000
   1.77827940E-006   1.91284062E-013   2.13645781E-009   1.00000000E+000
   1.99526312E-006   3.84554566E-013   5.40741797E-009   1.00000000E+000
   2.23872303E-006   6.82007078E-013   1.20735196E-008   1.00000000E+000
   2.51188430E-006   1.07925420E-012   2.40534455E-008   1.00000000E+000
   2.81838174E-006   1.54722763E-012   4.34126406E-008   1.00000000E+000
   3.16227761E-006   2.02480752E-012   7.15241086E-008   1.00000000E+000
   3.54813551E-006   2.43731251E-012   1.08389048E-007   1.00000000E+000
   3.98107522E-006   2.73991575E-012   1.53396632E-007   1.00000000E+000
   4.46683180E-006   2.89845009E-012   2.04289544E-007   1.00000000E+000
   5.01187014E-006   2.92947171E-012   2.59939567E-007   1.00000000E+000
   5.62341347E-006   2.78618407E-012   3.11240086E-007   1.00000000E+000
   6.30957629E-006   2.53179797E-012   3.56054624E-007   1.00000000E+000
   7.07946401E-006   2.23175800E-012   3.95126611E-007   1.00000000E+000
   7.94327570E-006   1.87960451E-012   4.18943318E-007   1.00000000E+000
   8.91250511E-006   1.51244632E-012   4.24394516E-007   1.00000000E+000
   9.99999975E-006   1.21700823E-012   4.29916817E-007   1.00000000E+000
