   1.12201897E-014   7.97707652E-001   2.01910750E-001   7.49766827E-004
   1.25892652E-014   7.97670346E-001   2.01901512E-001   8.41200352E-004
   1.41253628E-014   7.97628490E-001   2.01891147E-001   9.43779945E-004
   1.58489250E-014   7.97581529E-001   2.01879518E-001   1.05887651E-003
   1.77827943E-014   7.97528842E-001   2.01866471E-001   1.18803978E-003
   1.99526319E-014   7.97469730E-001   2.01851833E-001   1.33287907E-003
   2.23872316E-014   7.97403410E-001   2.01835410E-001   1.49542093E-003
   2.51188417E-014   7.97329007E-001   2.01816986E-001   1.67775154E-003
   2.81838168E-014   7.97245533E-001   2.01796316E-001   1.88225508E-003
   3.16227757E-014   7.97151884E-001   2.01773126E-001   2.11167336E-003
   3.54813530E-014   7.97046822E-001   2.01747111E-001   2.36904621E-003
   3.98107518E-014   7.96928958E-001   2.01717926E-001   2.65771151E-003
   4.46683197E-014   7.96796810E-001   2.01685162E-001   2.98154354E-003
   5.01187023E-014   7.96648408E-001   2.01648460E-001   3.34471464E-003
   5.62341311E-014   7.96482086E-001   2.01607236E-001   3.75205278E-003
   6.30957621E-014   7.96295433E-001   2.01561021E-001   4.20892239E-003
   7.07946410E-014   7.96086059E-001   2.01509183E-001   4.72128391E-003
   7.94327508E-014   7.95851212E-001   2.01451040E-001   5.29581308E-003
   8.91250574E-014   7.95587791E-001   2.01385824E-001   5.94007969E-003
   9.99999982E-014   7.95291977E-001   2.01313042E-001   6.66248798E-003
   1.12201894E-013   7.94960569E-001   2.01231012E-001   7.47239590E-003
   1.25892650E-013   7.94588944E-001   2.01139020E-001   8.38035345E-003
   1.41253627E-013   7.94172200E-001   2.01035889E-001   9.39804316E-003
   1.58489256E-013   7.93704512E-001   2.00920580E-001   1.05387568E-002
   1.77827940E-013   7.93180508E-001   2.00790891E-001   1.18170381E-002
   1.99526322E-013   7.92592959E-001   2.00645496E-001   1.32493377E-002
   2.23872312E-013   7.91933854E-001   2.00482893E-001   1.48539543E-002
   2.51188420E-013   7.91195927E-001   2.00300309E-001   1.66512132E-002
   2.81838165E-013   7.90367894E-001   2.00095901E-001   1.86638832E-002
   3.16227757E-013   7.89439701E-001   1.99867215E-001   2.09172368E-002
   3.54813536E-013   7.88400629E-001   1.99610213E-001   2.34394073E-002
   3.98107518E-013   7.87235418E-001   1.99323005E-001   2.62616277E-002
   4.46683191E-013   7.85930770E-001   1.99001304E-001   2.94183493E-002
   5.01187037E-013   7.84469156E-001   1.98640934E-001   3.29481959E-002
   5.62341352E-013   7.82832917E-001   1.98237883E-001   3.68934870E-002
   6.30957634E-013   7.81000670E-001   1.97786972E-001   4.13010120E-002
   7.07946397E-013   7.78949991E-001   1.97282871E-001   4.62222695E-002
   7.94327549E-013   7.76656209E-001   1.96719097E-001   5.17138839E-002
   8.91250561E-013   7.74090747E-001   1.96088705E-001   5.78380823E-002
   9.99999996E-013   7.71222685E-001   1.95384985E-001   6.46623969E-002
   1.12201893E-012   7.68016929E-001   1.94599761E-001   7.22606778E-002
   1.25892656E-012   7.64436586E-001   1.93723855E-001   8.07125568E-002
   1.41253632E-012   7.60439653E-001   1.92746999E-001   9.01039243E-002
   1.58489248E-012   7.55980029E-001   1.91659336E-001   1.00527227E-001
   1.77827946E-012   7.51008545E-001   1.90448662E-001   1.12080336E-001
   1.99526311E-012   7.45470029E-001   1.89102714E-001   1.24866545E-001
   2.23872310E-012   7.39305259E-001   1.87608001E-001   1.38993859E-001
   2.51188415E-012   7.32450476E-001   1.85949980E-001   1.54573321E-001
   2.81838160E-012   7.24836992E-001   1.84113344E-001   1.71718776E-001
   3.16227773E-012   7.16389546E-001   1.82082459E-001   1.90542638E-001
   3.54813553E-012   7.07031889E-001   1.79840161E-001   2.11154640E-001
   3.98107502E-012   6.96680889E-001   1.77369277E-001   2.33657420E-001
   4.46683185E-012   6.85250931E-001   1.74652608E-001   2.58142233E-001
   5.01187026E-012   6.72654127E-001   1.71672315E-001   2.84685075E-001
   5.62341319E-012   6.58801324E-001   1.68412019E-001   3.13337684E-001
   6.30957613E-012   6.43604814E-001   1.64855821E-001   3.44122410E-001
   7.07946419E-012   6.26980407E-001   1.60989703E-001   3.77023458E-001
   7.94327538E-012   6.08849008E-001   1.56802070E-001   4.11977589E-001
   8.91250528E-012   5.89141403E-001   1.52284011E-001   4.48868096E-001
   9.99999996E-012   5.67803898E-001   1.47432044E-001   4.87511873E-001
   1.12201897E-011   5.44800638E-001   1.42246538E-001   5.27654529E-001
   1.25892656E-011   5.20121791E-001   1.36734391E-001   5.68964243E-001
   1.41253632E-011   4.93789020E-001   1.30909857E-001   6.11028433E-001
   1.58489246E-011   4.65859320E-001   1.24795025E-001   6.53358877E-001
   1.77827943E-011   4.36438237E-001   1.18418937E-001   6.95395231E-001
   1.99526316E-011   4.05680357E-001   1.11820467E-001   7.36522913E-001
   2.23872310E-011   3.73797458E-001   1.05046185E-001   7.76095629E-001
   2.51188428E-011   3.41062237E-001   9.81490072E-002   8.13465416E-001
   2.81838164E-011   3.07806299E-001   9.11865607E-002   8.48022878E-001
   3.16227773E-011   2.74421262E-001   8.42201859E-002   8.79235387E-001
   3.54813540E-011   2.41348973E-001   7.73099969E-002   9.06691968E-001
   3.98107519E-011   2.09068565E-001   7.05126303E-002   9.30139840E-001
   4.46683211E-011   1.78077690E-001   6.38783508E-002   9.49509859E-001
   5.01187009E-011   1.48866485E-001   5.74472813E-002   9.64926958E-001
   5.62341319E-011   1.21890932E-001   5.12500905E-002   9.76695895E-001
   6.30957647E-011   9.75393363E-002   4.53075627E-002   9.85269129E-001
   7.07946410E-011   7.61027281E-002   3.96334820E-002   9.91195261E-001
   7.94327520E-011   5.77499295E-002   3.42394146E-002   9.95057583E-001
   8.91250546E-011   4.25109982E-002   2.91392239E-002   9.97414410E-001
   1.00000001E-010   3.02768794E-002   2.43551910E-002   9.98750210E-001
   1.12201894E-010   2.08111735E-002   1.99205470E-002   9.99447167E-001
   1.25892657E-010   1.37777018E-002   1.58794831E-002   9.99778628E-001
   1.41253634E-010   8.77836488E-003   1.22833004E-002   9.99920726E-001
   1.58489250E-010   5.39458004E-003   9.18262068E-003   9.99974966E-001
   1.77827947E-010   3.22645587E-003   6.61840700E-003   9.99993145E-001
   1.99526326E-010   1.92180265E-003   4.61260557E-003   9.99998391E-001
   2.23872310E-010   1.19297519E-003   3.16164155E-003   9.99999702E-001
   2.51188431E-010   8.21246863E-004   2.23385225E-003   9.99999940E-001
   2.81838164E-010   6.51578381E-004   1.77122902E-003   1.00000000E+000
   3.16227766E-010   5.81971122E-004   1.69498418E-003   1.00000000E+000
   3.54813540E-010   5.50929475E-004   1.91322387E-003   1.00000000E+000
   3.98107519E-010   5.25631154E-004   2.32959271E-003   1.00000000E+000
   4.46683190E-010   4.91985157E-004   2.85146418E-003   1.00000000E+000
   5.01187036E-010   4.46955594E-004   3.39682639E-003   1.00000000E+000
   5.62341340E-010   3.93105930E-004   3.89916113E-003   1.00000000E+000
   6.30957619E-010   3.35029680E-004   4.31016065E-003   1.00000000E+000
   7.07946424E-010   2.77292533E-004   4.60018727E-003   1.00000000E+000
   7.94327548E-010   2.23446635E-004   4.75677345E-003   1.00000000E+000
   8.91250573E-010   1.75739919E-004   4.78179926E-003   1.00000000E+000
   9.99999972E-010   1.35218479E-004   4.68776825E-003   1.00000000E+000
   1.12201892E-009   1.01997411E-004   4.49407740E-003   1.00000000E+000
   1.25892652E-009   7.55727029E-005   4.22355124E-003   1.00000000E+000
   1.41253631E-009   5.50952095E-005   3.89947938E-003   1.00000000E+000
   1.58489255E-009   3.95834145E-005   3.54365348E-003   1.00000000E+000
   1.77827941E-009   2.80657546E-005   3.17493978E-003   1.00000000E+000
   1.99526329E-009   1.96638693E-005   2.80874753E-003   1.00000000E+000
   2.23872321E-009   1.36298492E-005   2.45671073E-003   1.00000000E+000
   2.51188426E-009   9.35637569E-006   2.12704837E-003   1.00000000E+000
   2.81838175E-009   6.36692586E-006   1.82490789E-003   1.00000000E+000
   3.16227755E-009   4.29867586E-006   1.55294178E-003   1.00000000E+000
   3.54813534E-009   2.88185375E-006   1.31188782E-003   1.00000000E+000
   3.98107503E-009   1.91975289E-006   1.10101009E-003   1.00000000E+000
   4.46683179E-009   1.27158262E-006   9.18636447E-004   1.00000000E+000
   5.01187003E-009   8.37949001E-007   7.62463852E-004   1.00000000E+000
   5.62341329E-009   5.49664420E-007   6.29883748E-004   1.00000000E+000
   6.30957642E-009   3.59067661E-007   5.18163671E-004   1.00000000E+000
   7.07946413E-009   2.33699141E-007   4.24667963E-004   1.00000000E+000
   7.94327537E-009   1.51598146E-007   3.46868663E-004   1.00000000E+000
   8.91250540E-009   9.80496558E-008   2.82476077E-004   1.00000000E+000
   9.99999994E-009   6.32490977E-008   2.29425195E-004   1.00000000E+000
   1.12201892E-008   4.07030097E-008   1.85889039E-004   1.00000000E+000
   1.25892514E-008   2.61380317E-008   1.50290553E-004   1.00000000E+000
   1.41253782E-008   1.67537988E-008   1.21282444E-004   1.00000000E+000
   1.58489257E-008   1.07201099E-008   9.77020121E-005   1.00000000E+000
   1.77827939E-008   6.84919030E-009   7.85886548E-005   1.00000000E+000
   1.99526315E-008   4.37015123E-009   6.31291924E-005   1.00000000E+000
   2.23872068E-008   2.78498479E-009   5.06484527E-005   1.00000000E+000
   2.51188705E-008   1.77292229E-009   4.05920892E-005   1.00000000E+000
   2.81838162E-008   1.12752269E-009   3.24999713E-005   1.00000000E+000
   3.16227755E-008   7.16520109E-010   2.60010834E-005   1.00000000E+000
   3.54813530E-008   4.54933459E-010   2.07833384E-005   1.00000000E+000
   3.98107076E-008   2.88678289E-010   1.66029080E-005   1.00000000E+000
   4.46683686E-008   1.83050567E-010   1.32539105E-005   1.00000000E+000
   5.01187003E-008   1.16004266E-010   1.05742190E-005   1.00000000E+000
   5.62341320E-008   7.34888631E-011   8.43330577E-006   1.00000000E+000
   6.30957615E-008   4.65332705E-011   6.72266716E-006   1.00000000E+000
   7.07945631E-008   2.94581514E-011   5.35776875E-006   1.00000000E+000
   7.94328443E-008   1.86353055E-011   4.26693659E-006   1.00000000E+000
   8.91250522E-008   1.17888156E-011   3.39820846E-006   1.00000000E+000
   1.00000001E-007   7.45411546E-012   2.70505913E-006   1.00000000E+000
   1.12201896E-007   4.71326811E-012   2.15329581E-006   1.00000000E+000
   1.25892655E-007   2.97880550E-012   1.71326447E-006   1.00000000E+000
   1.41253636E-007   1.88308311E-012   1.36348556E-006   1.00000000E+000
   1.58489243E-007   1.18983677E-012   1.08459800E-006   1.00000000E+000
   1.77827943E-007   7.51447412E-013   8.62344142E-007   1.00000000E+000
   1.99526326E-007   4.74580243E-013   6.85633938E-007   1.00000000E+000
   2.23872306E-007   2.99866161E-013   5.45394253E-007   1.00000000E+000
   2.51188425E-007   1.89473833E-013   4.33841280E-007   1.00000000E+000
   2.81838169E-007   1.19549684E-013   3.44611955E-007   1.00000000E+000
   3.16227755E-007   7.55022609E-014   2.73994851E-007   1.00000000E+000
   3.54813551E-007   4.76386173E-014   2.17641641E-007   1.00000000E+000
   3.98107517E-007   3.00864200E-014   1.73042975E-007   1.00000000E+000
   4.46683202E-007   1.90014343E-014   1.37584084E-007   1.00000000E+000
   5.01187003E-007   1.20118745E-014   1.09494635E-007   1.00000000E+000
   5.62341313E-007   7.57896524E-015   8.69745857E-008   1.00000000E+000
   6.30957629E-007   4.78199418E-015   6.90863050E-008   1.00000000E+000
   7.07946413E-007   3.01722823E-015   5.48771451E-008   1.00000000E+000
   7.94327548E-007   1.90375572E-015   4.35906177E-008   1.00000000E+000
   8.91250522E-007   1.20118677E-015   3.46252339E-008   1.00000000E+000
   9.99999997E-007   7.59337384E-016   2.75560769E-008   1.00000000E+000
   1.12201894E-006   4.79108621E-016   2.18885500E-008   1.00000000E+000
   1.25892655E-006   3.02296483E-016   1.73866752E-008   1.00000000E+000
   1.41253634E-006   1.90737552E-016   1.38107764E-008   1.00000000E+000
   1.58489252E-006   1.20347021E-016   1.09702787E-008   1.00000000E+000
   1.77827940E-006   7.56457177E-017   8.68094616E-009   1.00000000E+000
   1.99526312E-006   4.79108857E-017   6.92176914E-009   1.00000000E+000
   2.23872303E-006   3.02296627E-017   5.49815086E-009   1.00000000E+000
   2.51188430E-006   1.90737542E-017   4.36735106E-009   1.00000000E+000
   2.81838174E-006   1.20347050E-017   3.46910727E-009   1.00000000E+000
   3.16227761E-006   7.59337283E-018   2.75560749E-009   1.00000000E+000
   3.54813551E-006   4.79108665E-018   2.18885499E-009   1.00000000E+000
   3.98107522E-006   3.02296522E-018   1.73866770E-009   1.00000000E+000
   4.46683180E-006   1.90737591E-018   1.38107785E-009   1.00000000E+000
   5.01187014E-006   1.20347049E-018   1.09702808E-009   1.00000000E+000
   5.62341347E-006   7.59337297E-019   8.71399619E-010   1.00000000E+000
   6.30957629E-006   4.79108745E-019   6.92176813E-010   1.00000000E+000
   7.07946401E-006   3.02296625E-019   5.49815074E-010   1.00000000E+000
   7.94327570E-006   1.90737517E-019   4.36735071E-010   1.00000000E+000
   8.91250511E-006   1.20347069E-019   3.46910747E-010   1.00000000E+000
   9.99999975E-006   7.59337220E-020   2.75560754E-010   1.00000000E+000
