     1.1220190E-14     9.9923374E-01     1.6498524E-05     7.4976683E-04
     1.2589265E-14     9.9914230E-01     1.6497769E-05     8.4120035E-04
     1.4125363E-14     9.9903971E-01     1.6496922E-05     9.4377995E-04
     1.5848925E-14     9.9892461E-01     1.6495972E-05     1.0588765E-03
     1.7782794E-14     9.9879548E-01     1.6494906E-05     1.1880398E-03
     1.9952632E-14     9.9865062E-01     1.6493711E-05     1.3328791E-03
     2.2387232E-14     9.9848810E-01     1.6492369E-05     1.4954209E-03
     2.5118842E-14     9.9830579E-01     1.6490864E-05     1.6777515E-03
     2.8183817E-14     9.9810127E-01     1.6489176E-05     1.8822551E-03
     3.1622776E-14     9.9787185E-01     1.6487282E-05     2.1116734E-03
     3.5481353E-14     9.9761450E-01     1.6485157E-05     2.3690462E-03
     3.9810752E-14     9.9732582E-01     1.6482773E-05     2.6577115E-03
     4.4668320E-14     9.9700202E-01     1.6480100E-05     2.9815435E-03
     5.0118702E-14     9.9663883E-01     1.6477101E-05     3.3447146E-03
     5.6234131E-14     9.9623149E-01     1.6473737E-05     3.7520528E-03
     6.3095762E-14     9.9577464E-01     1.6469964E-05     4.2089224E-03
     7.0794641E-14     9.9526229E-01     1.6465732E-05     4.7212839E-03
     7.9432751E-14     9.9468776E-01     1.6460986E-05     5.2958131E-03
     8.9125057E-14     9.9404350E-01     1.6455663E-05     5.9400797E-03
     9.9999998E-14     9.9332113E-01     1.6449694E-05     6.6624880E-03
     1.1220189E-13     9.9251124E-01     1.6443001E-05     7.4723959E-03
     1.2589265E-13     9.9160331E-01     1.6435497E-05     8.3803535E-03
     1.4125363E-13     9.9058561E-01     1.6427084E-05     9.3980432E-03
     1.5848926E-13     9.8944496E-01     1.6417652E-05     1.0538757E-02
     1.7782794E-13     9.8816668E-01     1.6407079E-05     1.1817038E-02
     1.9952632E-13     9.8673440E-01     1.6395230E-05     1.3249338E-02
     2.2387231E-13     9.8512982E-01     1.6381951E-05     1.4853954E-02
     2.5118842E-13     9.8333260E-01     1.6367073E-05     1.6651213E-02
     2.8183817E-13     9.8131995E-01     1.6350405E-05     1.8663883E-02
     3.1622776E-13     9.7906662E-01     1.6331736E-05     2.0917237E-02
     3.5481354E-13     9.7654450E-01     1.6310830E-05     2.3439407E-02
     3.9810752E-13     9.7372237E-01     1.6287424E-05     2.6261628E-02
     4.4668319E-13     9.7056565E-01     1.6261228E-05     2.9418349E-02
     5.0118704E-13     9.6703588E-01     1.6231915E-05     3.2948196E-02
     5.6234135E-13     9.6309068E-01     1.6199127E-05     3.6893487E-02
     6.3095763E-13     9.5868326E-01     1.6162467E-05     4.1301012E-02
     7.0794640E-13     9.5376205E-01     1.6121493E-05     4.6222270E-02
     7.9432755E-13     9.4827053E-01     1.6075721E-05     5.1713884E-02
     8.9125056E-13     9.4214648E-01     1.6024614E-05     5.7838082E-02
     1.0000000E-12     9.3532224E-01     1.5967585E-05     6.4662397E-02
     1.1220189E-12     9.2772415E-01     1.5903991E-05     7.2260678E-02
     1.2589266E-12     9.1927239E-01     1.5833129E-05     8.0712557E-02
     1.4125363E-12     9.0988120E-01     1.5754235E-05     9.0103924E-02
     1.5848925E-12     8.9945805E-01     1.5666479E-05     1.0052723E-01
     1.7782795E-12     8.8790518E-01     1.5568970E-05     1.1208034E-01
     1.9952631E-12     8.7511919E-01     1.5460751E-05     1.2486655E-01
     2.2387231E-12     8.6099215E-01     1.5340804E-05     1.3899386E-01
     2.5118841E-12     8.4541294E-01     1.5208056E-05     1.5457332E-01
     2.8183816E-12     8.2826781E-01     1.5061379E-05     1.7171878E-01
     3.1622777E-12     8.0944426E-01     1.4899612E-05     1.9054264E-01
     3.5481355E-12     7.8883267E-01     1.4721572E-05     2.1115464E-01
     3.9810750E-12     7.6633025E-01     1.4526073E-05     2.3365742E-01
     4.4668319E-12     7.4184586E-01     1.4311961E-05     2.5814223E-01
     5.0118703E-12     7.1530349E-01     1.4078128E-05     2.8468508E-01
     5.6234132E-12     6.8665139E-01     1.3823582E-05     3.1333768E-01
     6.3095761E-12     6.5586716E-01     1.3547477E-05     3.4412241E-01
     7.0794642E-12     6.2296667E-01     1.3249182E-05     3.7702346E-01
     7.9432754E-12     5.8801310E-01     1.2928345E-05     4.1197759E-01
     8.9125053E-12     5.5112322E-01     1.2584949E-05     4.4886810E-01
     1.0000000E-11     5.1248010E-01     1.2219423E-05     4.8751187E-01
     1.1220190E-11     4.7233807E-01     1.1832695E-05     5.2765453E-01
     1.2589266E-11     4.3102897E-01     1.1426279E-05     5.6896424E-01
     1.4125363E-11     3.8896545E-01     1.1002340E-05     6.1102843E-01
     1.5848925E-11     3.4663568E-01     1.0563711E-05     6.5335888E-01
     1.7782794E-11     3.0459996E-01     1.0113962E-05     6.9539523E-01
     1.9952632E-11     2.6347287E-01     9.6573421E-06     7.3652291E-01
     2.2387231E-11     2.2390070E-01     9.1987291E-06     7.7609563E-01
     2.5118843E-11     1.8653150E-01     8.7435162E-06     8.1346542E-01
     2.8183816E-11     1.5197453E-01     8.2974056E-06     8.4802288E-01
     3.1622777E-11     1.2076240E-01     7.8656101E-06     8.7923539E-01
     3.5481354E-11     9.3306183E-02     7.4551491E-06     9.0669197E-01
     3.9810752E-11     6.9858665E-02     7.0710422E-06     9.3013984E-01
     4.4668321E-11     5.0488910E-02     6.7168090E-06     9.4950986E-01
     5.0118701E-11     3.5072033E-02     6.3965721E-06     9.6492696E-01
     5.6234132E-11     2.3303314E-02     6.1127841E-06     9.7669590E-01
     6.3095765E-11     1.4730233E-02     5.8666539E-06     9.8526913E-01
     7.0794641E-11     8.8042624E-03     5.6581177E-06     9.9119526E-01
     7.9432752E-11     4.9420331E-03     5.4858042E-06     9.9505758E-01
     8.9125055E-11     2.5852858E-03     5.3476681E-06     9.9741441E-01
     1.0000000E-10     1.2495935E-03     5.2404029E-06     9.9875021E-01
     1.1220189E-10     5.5269987E-04     5.1599883E-06     9.9944717E-01
     1.2589266E-10     2.2128740E-04     5.1022258E-06     9.9977863E-01
     1.4125363E-10     7.9227737E-05     5.0626832E-06     9.9992073E-01
     1.5848925E-10     2.5018126E-05     5.0370538E-06     9.9997497E-01
     1.7782795E-10     6.8597762E-06     5.0214484E-06     9.9999315E-01
     1.9952633E-10     1.6040754E-06     5.0126025E-06     9.9999839E-01
     2.2387231E-10     3.1305998E-07     5.0079633E-06     9.9999970E-01
     2.5118843E-10     4.9558279E-08     5.0057199E-06     9.9999994E-01
     2.8183816E-10     6.0696778E-09     5.0047236E-06     1.0000000E+00
     3.1622777E-10     5.1712507E-10     5.0042987E-06     1.0000000E+00
     3.5481354E-10     2.8850076E-11     5.0041054E-06     1.0000000E+00
     3.9810752E-10     1.6932564E-11     5.0039956E-06     1.0000000E+00
     4.4668319E-10     2.3002737E-11     5.0038873E-06     1.0000000E+00
     5.0118704E-10     2.4697369E-11     5.0037789E-06     1.0000000E+00
     5.6234134E-10     2.4996664E-11     5.0036777E-06     1.0000000E+00
     6.3095762E-10     2.5036194E-11     5.0035143E-06     1.0000000E+00
     7.0794642E-10     2.5039464E-11     5.0033558E-06     1.0000000E+00
     7.9432755E-10     2.5038740E-11     5.0031807E-06     1.0000000E+00
     8.9125057E-10     2.5037467E-11     5.0029685E-06     1.0000000E+00
     9.9999997E-10     2.5036047E-11     5.0027430E-06     1.0000000E+00
     1.1220189E-09     2.5034319E-11     5.0024682E-06     1.0000000E+00
     1.2589265E-09     2.5032285E-11     5.0021539E-06     1.0000000E+00
     1.4125363E-09     2.5029755E-11     5.0017615E-06     1.0000000E+00
     1.5848926E-09     2.5027017E-11     5.0013580E-06     1.0000000E+00
     1.7782794E-09     2.5023547E-11     5.0008446E-06     1.0000000E+00
     1.9952633E-09     2.5019214E-11     5.0002069E-06     1.0000000E+00
     2.2387232E-09     2.5014494E-11     4.9995498E-06     1.0000000E+00
     2.5118843E-09     2.5008653E-11     4.9987439E-06     1.0000000E+00
     2.8183818E-09     2.5001340E-11     4.9977348E-06     1.0000000E+00
     3.1622776E-09     2.4992646E-11     4.9965689E-06     1.0000000E+00
     3.5481353E-09     2.4982483E-11     4.9952565E-06     1.0000000E+00
     3.9810750E-09     2.4970103E-11     4.9936845E-06     1.0000000E+00
     4.4668318E-09     2.4954642E-11     4.9917314E-06     1.0000000E+00
     5.0118700E-09     2.4935512E-11     4.9893358E-06     1.0000000E+00
     5.6234133E-09     2.4912713E-11     4.9865733E-06     1.0000000E+00
     6.3095764E-09     2.4884156E-11     4.9831227E-06     1.0000000E+00
     7.0794641E-09     2.4849824E-11     4.9790927E-06     1.0000000E+00
     7.9432754E-09     2.4806735E-11     4.9740354E-06     1.0000000E+00
     8.9125054E-09     2.4753793E-11     4.9679141E-06     1.0000000E+00
     9.9999999E-09     2.4688734E-11     4.9604974E-06     1.0000000E+00
     1.1220189E-08     2.4607944E-11     4.9513466E-06     1.0000000E+00
     1.2589251E-08     2.4510139E-11     4.9405430E-06     1.0000000E+00
     1.4125378E-08     2.4386593E-11     4.9267599E-06     1.0000000E+00
     1.5848926E-08     2.4234924E-11     4.9100307E-06     1.0000000E+00
     1.7782794E-08     2.4048691E-11     4.8896766E-06     1.0000000E+00
     1.9952632E-08     2.3817940E-11     4.8644291E-06     1.0000000E+00
     2.2387207E-08     2.3534892E-11     4.8335739E-06     1.0000000E+00
     2.5118871E-08     2.3188596E-11     4.7958889E-06     1.0000000E+00
     2.8183816E-08     2.2765240E-11     4.7496504E-06     1.0000000E+00
     3.1622776E-08     2.2252145E-11     4.6934509E-06     1.0000000E+00
     3.5481353E-08     2.1636765E-11     4.6259008E-06     1.0000000E+00
     3.9810708E-08     2.0897101E-11     4.5434480E-06     1.0000000E+00
     4.4668369E-08     2.0023650E-11     4.4448425E-06     1.0000000E+00
     5.0118700E-08     1.9002081E-11     4.3271486E-06     1.0000000E+00
     5.6234132E-08     1.7827837E-11     4.1885824E-06     1.0000000E+00
     6.3095762E-08     1.6501862E-11     4.0271768E-06     1.0000000E+00
     7.0794563E-08     1.5037722E-11     3.8420906E-06     1.0000000E+00
     7.9432844E-08     1.3458038E-11     3.6325344E-06     1.0000000E+00
     8.9125052E-08     1.1804201E-11     3.4004080E-06     1.0000000E+00
     1.0000000E-07     1.0123169E-11     3.1474944E-06     1.0000000E+00
     1.1220190E-07     8.4790501E-12     2.8802414E-06     1.0000000E+00
     1.2589265E-07     6.9205741E-12     2.6014970E-06     1.0000000E+00
     1.4125364E-07     5.5043103E-12     2.3200845E-06     1.0000000E+00
     1.5848924E-07     4.2659086E-12     2.0429673E-06     1.0000000E+00
     1.7782794E-07     3.2221413E-12     1.7759516E-06     1.0000000E+00
     1.9952633E-07     2.3749454E-12     1.5250667E-06     1.0000000E+00
     2.2387231E-07     1.7128394E-12     1.2960738E-06     1.0000000E+00
     2.5118842E-07     1.2101515E-12     1.0901866E-06     1.0000000E+00
     2.8183817E-07     8.3908501E-13     9.0821803E-07     1.0000000E+00
     3.1622776E-07     5.7258227E-13     7.5060651E-07     1.0000000E+00
     3.5481355E-07     3.8540217E-13     6.1610776E-07     1.0000000E+00
     3.9810752E-07     2.5666054E-13     5.0325929E-07     1.0000000E+00
     4.4668320E-07     1.6911097E-13     4.0869986E-07     1.0000000E+00
     5.0118700E-07     1.1053004E-13     3.3057111E-07     1.0000000E+00
     5.6234131E-07     7.1832685E-14     2.6674626E-07     1.0000000E+00
     6.3095763E-07     4.6343321E-14     2.1425495E-07     1.0000000E+00
     7.0794641E-07     2.9767441E-14     1.7171494E-07     1.0000000E+00
     7.9432755E-07     1.9088843E-14     1.3763842E-07     1.0000000E+00
     8.9125052E-07     1.2205863E-14     1.1016574E-07     1.0000000E+00
     1.0000000E-06     7.7867556E-15     8.8075098E-08     1.0000000E+00
     1.1220189E-06     4.9489962E-15     7.0215568E-08     1.0000000E+00
     1.2589265E-06     3.1407670E-15     5.5936171E-08     1.0000000E+00
     1.4125363E-06     1.9908815E-15     4.4534604E-08     1.0000000E+00
     1.5848925E-06     1.2607872E-15     3.5440169E-08     1.0000000E+00
     1.7782794E-06     7.9783284E-16     2.8192322E-08     1.0000000E+00
     1.9952631E-06     5.0265640E-16     2.2334969E-08     1.0000000E+00
     2.2387230E-06     3.1774170E-16     1.7757705E-08     1.0000000E+00
     2.5118843E-06     2.0230976E-16     1.4223564E-08     1.0000000E+00
     2.8183817E-06     1.2779796E-16     1.1304776E-08     1.0000000E+00
     3.1622776E-06     8.0709925E-17     8.9838708E-09     1.0000000E+00
     3.5481355E-06     5.0962035E-17     7.1387699E-09     1.0000000E+00
     3.9810752E-06     3.2173711E-17     5.6721877E-09     1.0000000E+00
     4.4668318E-06     2.0309840E-17     4.5066441E-09     1.0000000E+00
     5.0118701E-06     1.2819366E-17     3.5804144E-09     1.0000000E+00
     5.6234135E-06     8.0908380E-18     2.8444400E-09     1.0000000E+00
     6.3095763E-06     5.1061593E-18     2.2596813E-09     1.0000000E+00
     7.0794640E-06     3.2223622E-18     1.7950939E-09     1.0000000E+00
     7.9432757E-06     2.0334872E-18     1.4260039E-09     1.0000000E+00
     8.9125051E-06     1.2447718E-18     1.0988637E-09     1.0000000E+00
     9.9999997E-06     8.0971319E-19     8.9984068E-10     1.0000000E+00
